Algorithm: ppo; Scenario: sequential-dec
[[-108.71935  -57.46357  -61.68931  -46.77344  -57.20684]
 [-150.68081  -53.81173  -28.57962  -32.96066  -34.37291]
 [-147.56648  -57.27288  -34.73185  -25.87867  -30.8518 ]
 [-148.7439   -69.70864  -39.50273  -36.42991  -23.01042]]
BWT: -3.5032300000000007
FWT: 107.33923333333333

Algorithm: ppo; Scenario: sequential-inc
[[-148.7439    -7.77206  -26.78521  -31.24004  -42.41799]
 [-147.56648  -28.9324    -6.5465   -24.76583  -35.91515]
 [-150.68081  -43.85762  -33.75721   -7.56509  -39.14626]
 [-108.71935  -60.34694  -62.99031  -41.59772  -28.24466]]
BWT: -31.86525
FWT: 100.89310333333333

Algorithm: sac; Scenario: sequential-dec
[[-53.66958 -37.96925 -39.03397 -55.22318 -56.31739]
 [-70.11713 -47.65863 -32.2723  -50.20347 -45.78558]
 [-71.03175 -42.85723 -39.36747 -33.00043 -43.38788]
 [-71.84832 -40.07531 -47.60703 -45.27307 -28.23357]]
BWT: -14.082956666666668
FWT: 26.899343333333338

Algorithm: sac; Scenario: sequential-inc
[[-71.84832  -9.67004  -9.63673 -13.77606 -29.36464]
 [-71.03175 -23.46584 -14.66545 -13.36276 -18.0098 ]
 [-70.11713 -41.19581 -25.62207 -18.55414 -21.4856 ]
 [-53.66958 -34.74964 -35.89983 -40.05107 -28.97207]]
BWT: -8.656803333333334
FWT: 35.22649333333333

Algorithm: drama; Scenario: sequential-dec
[[-120.71747  -30.54515  -33.98593  -35.91685  -35.51905]
 [-166.17285  -48.76783  -23.28926  -28.89592  -40.42324]
 [-164.8858   -51.14622  -31.56895  -14.39588  -35.60626]
 [-176.57987  -50.55939  -38.26354  -34.32509  -15.64745]]
BWT: -14.43942
FWT: 130.99221666666665

Algorithm: drama; Scenario: sequential-inc
[[-175.05295   -9.54968  -32.27743  -37.36306  -50.45586]
 [-161.27903  -34.52267  -19.09207  -32.22295  -50.6142 ]
 [-146.8861   -38.90371  -36.42961  -27.73501  -51.58828]
 [-120.15103  -35.95534  -38.46433  -36.54838  -39.80007]]
BWT: -32.09386
FWT: 106.93850000000002

