Algorithm: ppo; Scenario: sequential-dec
[[0.      0.05333 0.      0.03333 0.03333]
 [0.      0.      0.30667 0.16    0.08   ]
 [0.      0.      0.02667 0.36667 0.14   ]
 [0.      0.05333 0.      0.02    0.48   ]]
BWT: -0.15778
FWT: 0.015556666666666668

Algorithm: ppo; Scenario: sequential-inc
[[0.      0.96    0.12    0.06667 0.03333]
 [0.      0.09333 1.      0.15333 0.03333]
 [0.      0.02667 0.08    0.96    0.14   ]
 [0.      0.      0.      0.      0.14667]]
BWT: -0.9044466666666667
FWT: 0.057776666666666664

Algorithm: sac; Scenario: sequential-dec
[[0.      0.19333 0.24667 0.20667 0.     ]
 [0.      0.      0.34667 0.34667 0.33333]
 [0.      0.      0.      0.50667 0.50667]
 [0.      0.      0.07333 0.11333 0.74   ]]
BWT: -0.06888999999999999
FWT: 0.03777666666666667

Algorithm: sac; Scenario: sequential-inc
[[0.      0.88667 0.88667 0.69333 0.05333]
 [0.      0.21333 0.62    0.68667 0.48667]
 [0.      0.      0.21333 0.48    0.45333]
 [0.      0.      0.04    0.      0.27333]]
BWT: -0.3311133333333333
FWT: 0.14221999999999999

Algorithm: drama; Scenario: sequential-dec
[[0.      0.25556 0.      0.      0.     ]
 [0.      0.      0.51111 0.35556 0.     ]
 [0.      0.      0.17778 0.73333 0.06667]
 [0.      0.01111 0.      0.01111 0.68889]]
BWT: -0.4777766666666667
FWT: 0.06296333333333333

Algorithm: drama; Scenario: sequential-inc
[[0.      0.87778 0.05556 0.01111 0.     ]
 [0.      0.06667 0.65556 0.13333 0.     ]
 [0.      0.01111 0.18889 0.45556 0.     ]
 [0.      0.      0.      0.      0.     ]]
BWT: -0.6629666666666666
FWT: 0.08518666666666667

Algorithm: PPO+EWC; Scenario: sequential-inc, lambda: 0.5, discount: 0.9
[[0.      0.90667 0.24    0.09333 0.05333]
 [0.      0.04    0.94667 0.18667 0.10667]
 [0.      0.05333 0.16    0.8     0.04   ]
 [0.      0.      0.      0.      0.14667]]
BWT: -0.81778
FWT: 0.06666666666666667

Algorithm: PPO+EWC; Scenario: sequential-inc, lambda: 1, discount: 0.9
[[0.      0.90667 0.08667 0.      0.02667]
 [0.      0.04    0.86667 0.21333 0.01333]
 [0.      0.05333 0.14667 0.76667 0.06   ]
 [0.      0.      0.      0.      0.39333]]
BWT: -0.8133366666666667
FWT: 0.06222333333333333

Algorithm: PPO+EWC; Scenario: sequential-inc, lambda: 10, discount: 0.9
[[0.      0.90667 0.11333 0.07333 0.02   ]
 [0.      0.04    0.84667 0.26667 0.     ]
 [0.      0.05333 0.05333 0.72667 0.     ]
 [0.      0.      0.      0.      0.07333]]
BWT: -0.8200033333333333
FWT: 0.03111

Algorithm: PPO+EWC; Scenario: sequential-inc, lambda: 1, discount: 0.1
[[0.      0.90667 0.08667 0.02    0.12667]
 [0.      0.04    0.86667 0.2     0.07333]
 [0.      0.05333 0.14667 0.79333 0.04667]
 [0.      0.      0.      0.      0.22667]]
BWT: -0.7733333333333333
FWT: 0.06222333333333333

Algorithm: PPO+EWC; Scenario: sequential-inc, lambda: 1, discount: 0.5
[[0.      0.90667 0.08667 0.02    0.03333]
 [0.      0.04    0.86667 0.24667 0.10667]
 [0.      0.05333 0.14667 0.78667 0.12667]
 [0.      0.      0.      0.      0.25333]]
BWT: -0.7644466666666666
FWT: 0.06222333333333333

