Run0
0.44221663871405337
0.0
0.24944382578492943
0.42295258468165065
0.33993463423951903
0.4422166387140533
0.42295258468165065
0.45825756949558394
0.33993463423951903
0.4
0.49888765156985887
0.4818944098266986
0.49553562491061676
0.45825756949558405
0.42295258468165065
0.49888765156985887
0.49888765156985887
0.5
0.4955356249106168
0.458257569495584
0.4898979485566357
0.4818944098266986
0.4714045207910317
0.5
0.45825756949558394
0.49888765156985887
0.49888765156985887
0.49888765156985887
0.4898979485566357
0.48189440982669857
0.4955356249106168
0.4714045207910317
0.48189440982669857
0.4955356249106168
0.4714045207910316
0.49888765156985887
0.4714045207910317
0.48989794855663565
0.45825756949558394
0.4714045207910317
0.49888765156985887
0.4955356249106168
0.4818944098266986
0.4422166387140533
0.49553562491061676
0.4898979485566357
0.4229525846816506
0.4422166387140533
0.5
0.45825756949558394
0.4000000000000001
0.4898979485566357
0.49888765156985887
0.4422166387140533
0.458257569495584
0.4898979485566357
0.45825756949558394
0.48189440982669857
0.4422166387140533
0.49888765156985887
0.4898979485566357
0.45825756949558394
0.48189440982669857
0.3726779962499649
0.48189440982669857
0.4229525846816506
0.48189440982669857
0.4955356249106168
0.4422166387140533
0.4955356249106168
0.4422166387140533
0.4422166387140533
0.4714045207910317
0.49888765156985887
0.45825756949558394
0.4955356249106168
0.48989794855663565
0.4714045207910317
0.48189440982669857
0.4422166387140533
0.4898979485566357
0.4000000000000001
0.33993463423951903
0.45825756949558394
0.4229525846816506
0.4955356249106168
0.4422166387140533
0.4898979485566357
0.48189440982669857
0.4714045207910316
0.45825756949558394
0.4422166387140533
0.4422166387140533
0.48189440982669857
0.49553562491061676
0.37267799624996495
0.4714045207910317
0.49888765156985887
0.4955356249106168
0.49553562491061676
0.4955356249106168
0.49553562491061676
0.49888765156985887
0.49888765156985887
0.49888765156985887
0.4
0.4714045207910316
0.44221663871405326
0.49888765156985887
0.4229525846816506
0.4422166387140533
0.45825756949558394
0.48189440982669857
0.4422166387140533
0.4898979485566357
0.4422166387140533
0.4229525846816506
0.45825756949558394
0.45825756949558394
0.49888765156985887
0.4714045207910317
0.4898979485566357
0.4714045207910317
0.44221663871405326
0.4955356249106168
0.4898979485566357
0.45825756949558394
0.4714045207910317
0.45825756949558394
0.45825756949558394
0.48989794855663565
0.49888765156985887
0.4955356249106168
0.49888765156985887
0.4714045207910316
0.48189440982669857
0.4229525846816506
0.45825756949558394
0.48189440982669857
0.4988876515698589
0.37267799624996495
0.45825756949558394
0.49888765156985887
0.4714045207910317
0.4000000000000001
0.4818944098266986
0.4714045207910316
0.4000000000000001
0.4714045207910317
0.4898979485566357
0.49888765156985887
0.48189440982669857
0.48989794855663565
0.4818944098266986
0.48189440982669857
0.4898979485566357
0.45825756949558394
0.48189440982669857
0.45825756949558394
0.48189440982669857
0.45825756949558394
0.45825756949558394
0.45825756949558394
0.4955356249106168
0.49888765156985887
0.45825756949558394
0.4229525846816506
0.49553562491061676
0.44221663871405326
0.45825756949558394
0.44221663871405326
0.49888765156985887
0.4422166387140533
0.4714045207910317
0.5
0.5
0.5
0.44221663871405326
0.4229525846816506
0.49888765156985887
0.49888765156985887
0.37267799624996495
0.4229525846816506
0.5
0.4422166387140533
0.45825756949558394
0.4714045207910316
0.45825756949558394
0.4422166387140533
0.49888765156985887
0.4955356249106168
0.4955356249106168
0.45825756949558394
0.42295258468165065
0.42295258468165065
0.48189440982669857
0.45825756949558394
0.4422166387140533
