Run0
-171.76795402815878
-37.60602324299717
-32.92658776660314
-29.980170524835366
-27.189581814411735
-32.141907816722124
-30.423173254194136
-30.65613253739379
-37.819945376070415
-29.366774213492256
-25.417061701553767
-24.575720840881097
-23.954768548397837
-23.24903430010007
-31.23289272369443
-24.766411019220698
-23.427006030475802
-27.50211401519353
-25.71456453156403
-32.33972209422422
-24.607991110906465
-24.754092142814113
-25.288216353269085
-26.305157261102714
-33.21636063181707
-26.791249995051796
-23.41314984027799
-25.70676698131375
-23.26534814522518
-24.145803105908993
-22.829095504328674
-23.078765252204867
-23.755211310639474
-26.737888616811173
-22.626914886681472
-22.729107785053554
-19.56937574080831
-21.51193133508155
-31.264769047580803
-24.342618550554114
-19.380735602119216
-23.470822188069516
-27.831841840696644
-26.03659735312332
-24.927263076347188
-20.326572444366438
-23.98699326548731
-22.849136529617358
-21.80139753895975
-23.017811027059278
-24.31281818212022
-21.224263930151327
-30.17407740494483
-24.987206503189245
-25.400363663307083
-35.37541463406466
-22.219168136873577
-24.881498309227826
-26.17247273257339
-28.59196622939863
-21.88417734192331
-21.748892651369577
-22.38851401461888
-34.86051999637178
-22.780208895122012
-22.197606551000494
-23.505002010248063
-21.300275085446142
-23.45298487184164
-35.0233095512032
-21.325268096393746
-21.955741892086596
-23.771759764148772
-33.061318829640584
-22.656531201150862
-19.642734587512514
-20.227417067934333
-22.309228418503565
-19.327429652352446
-18.46676461328699
-20.994384408639558
-31.490297533885844
-21.369834220308174
-18.138021276929514
-18.579584947757574
-20.290276432135002
-20.650024348702633
-20.104769219558307
-21.434568509418376
-21.01925975702967
-18.828004317891406
-22.879186160680586
-22.312874089400356
-28.7722980926798
-22.37839449379057
-24.889998276942435
-18.697578497612277
-16.117292309981742
-21.64822314954869
-20.83205903402484
-17.72835354424357
-30.393131043620773
-25.703056039671644
-18.73676970327682
-26.72576382905144
-17.25313593703156
-20.78853390789946
-16.459987472800673
-25.78594857714286
-17.649913493017753
-16.45117939339869
-17.253797144415753
-16.963851570319257
-15.926072896293002
-21.606495910305032
-17.96180047260475
-18.83487810726918
-22.406118531122885
-19.255121266620943
-21.20012200542106
-19.06995945357532
-20.59093935258196
-20.23463493467716
-21.32519913147337
-31.882550355851663
-19.11122347895246
-18.83496783835575
-23.01473752428863
-15.987994607916733
-17.026235839881174
-23.513940794019543
-17.19600029308986
-17.826913701584097
-19.479617766270643
-16.379063237696013
-16.826920577141117
-19.17383651797634
-19.78347459512527
-20.536307339833375
-25.23861025650306
-17.07312017219609
-18.41847421345825
-20.84495639867281
-19.045289923559338
-18.669545475822144
-14.984708888795616
-21.206546237326915
-22.330968227753797
-21.83341756314689
-22.539002986048274
-19.708451314345083
-14.805933724861273
-18.694120139429824
-29.510458817057522
-16.04425504349808
-22.997843670360187
-18.824551196400442
-18.632413228294126
-17.993692890640496
-13.502043708670898
-16.716701712911274
-16.628340867275618
-16.313465678924516
-15.791687760246559
-22.13672175017629
-15.627041663274177
-16.649220941814253
-18.15377318825559
-22.01281888511951
-18.461321540813515
-15.215198678238643
-31.37591566198404
-21.093786734653268
-19.228523842101524
-26.644212852071963
-24.881439289097013
-19.906001049191342
-19.992292785690474
-18.4650744492665
-19.66818778694724
-25.0098737556665
-15.364749577993443
-17.599113539732027
-18.73644982756433
-18.186717440339653
-17.978189203432354
-22.264557286634286
-21.65473121161142
-28.483720163958683
-21.438081160791693
-16.434602928761617
-18.35206723441779
-22.00152174892926
-22.01352955693998
-18.832082293223632
-21.54529146383314
-24.42623192909228
-20.84112189476682
