Run0
60.270403350016764
8.508001300924283
11.25133515818237
14.640913775870837
16.608337820847332
15.91393767218
15.569278885368877
19.581165931286996
16.433072087732125
17.57801216659372
19.442710861969662
16.20202885117934
15.946873734254803
17.579407038385312
17.357030752290765
16.69573337322013
14.865701638874535
19.820351225155576
16.82376807954967
11.991343381968939
14.880608213367712
14.272655036310104
16.0972206706488
18.36134934242792
12.586871463290443
14.294420212080231
16.15156329920963
15.639035990894042
16.099487106547134
17.51822687923146
16.585464989873454
14.743555185996158
14.576412795932084
15.04793471297788
17.69730128085686
11.23278193735303
12.641801795672908
13.818643629818506
15.897329880690437
13.971419076910573
13.43247910778097
18.14965726248843
17.120703358698552
18.224552881878445
17.86346044754829
17.825284480393336
19.040462593958416
15.909440341375044
16.749354836000627
13.74808872235806
15.56743171971705
17.000782689843287
16.683060873183777
18.918945615667944
20.2040646211206
14.56115577169095
16.451984265784784
16.377906045301373
18.909172670659938
20.76746619869629
17.506487297796607
17.181725317713266
16.75952744299916
16.186968219533295
17.407077156887695
17.231073864670037
17.57364622318117
15.032096656859139
20.1849455183019
16.273495432188792
16.342509676655897
13.84847490861707
15.275934722003637
18.011505073116055
21.225495463935598
11.957095120750056
16.702247953838658
24.68636167375461
16.28770899780853
17.089687617717065
12.000927107480578
12.956672478903952
15.668127301039233
12.067373629929534
12.156679209830305
15.712187616004881
19.04026853221269
18.24839818706412
16.720517152518603
17.551161475822273
16.11115608690089
18.111367951387663
16.024704623055058
19.406889506585628
19.461791575899763
20.574509040242656
12.81569254370682
12.539310032148498
18.43420544348901
14.839039685173367
14.650822535143194
16.850107040194157
16.475105009776
14.458145430019954
15.675688773775628
14.19182135726805
15.303633667956248
15.829353812923955
16.084209809784003
13.038830741260535
15.487270790441759
14.36223954597194
12.306506379704018
12.495792928910893
17.976521358923076
15.309042054918885
16.809596461125544
18.481947118740045
14.143046078448577
15.406099460722176
15.008253403274475
18.590072067980447
16.690677095868892
18.362042890661755
19.581377677233373
17.157616111152823
17.37780808200057
17.855680570156505
13.649383071079534
12.581441610963095
14.229426562588955
12.445937895207567
16.443166691197
16.330042271575586
12.595541536472602
12.267697283317089
13.89208370621212
15.407420812980094
18.120717028178127
20.308076965138714
14.487396795659432
12.924490763351924
14.621776199267785
12.897503193268111
13.971045612935063
12.67039454776711
15.577805212401186
18.75608884718422
24.036474569749604
17.0892718030723
13.96964596250263
11.05499804946376
12.134988463558559
13.623716675854565
12.17562984720888
21.237036159755824
15.957208989045647
14.12695485192435
14.194091277108823
10.901163764815514
12.115667858048548
14.646141565615137
13.674038902786641
11.623599497733903
19.089667918476263
11.861543694306285
11.877961212288417
12.863076412994989
17.793038931371623
14.369072508401233
11.855638629766084
20.344477190695613
14.945774353191942
14.163194304163758
19.996891078696425
17.124329714340618
15.740497044320273
14.994534112058302
12.925348924304817
13.267114883293834
17.183193668892635
12.589515404867095
14.63676595505068
14.280529106626222
13.029040275186196
15.904823064229166
18.259641949563303
15.35586404170183
12.165067825694459
15.520454542249098
14.206127007067792
12.506978977680008
16.841077734293595
14.763977783939753
14.449507478073299
16.415182724042268
17.24874605080045
17.591682629693956
