Run0
66.0606920545743
6.11936280450764
9.844454695313559
16.188014283239166
11.224900759002486
15.591685004018585
14.969252948950496
16.778326614397606
11.961892919008188
15.702926281854596
17.948795744799853
16.68906065339289
15.574918416818086
16.40689036736328
13.661022537574727
17.88376551988333
26.71779863020731
17.823366232181954
19.282809106420466
14.956059642428675
14.753964075274274
12.376467464648771
13.94638707231424
15.228045374356181
13.639080734889264
12.448929984291038
13.351627837595471
13.827960883203003
13.21032311602615
13.326329840994136
12.677256633247229
15.319071772729604
13.944149409550835
14.010600677151544
13.915515753975932
16.820738429186285
16.36157203978935
13.561331513190312
14.855658013390102
12.592747192921312
12.105361639981764
12.276348534519352
12.790348248594066
17.681117169723453
13.335389525022578
11.800729857920789
12.874372666967059
12.585776406903058
13.696799556573362
11.39469546466454
12.513094957678298
18.536676692582226
13.83424582637505
10.525250699380535
11.975859545866864
14.854296264980654
11.017714514597904
11.50499022411156
11.721539190760488
12.9351392819325
12.68348103519641
11.5944814057516
11.693923741231288
12.669604707251313
12.074484931341114
11.048831769673475
13.413722868773068
11.883882877066045
16.579384488582733
16.191809959726168
15.098179031376223
10.625637416776193
16.542585911266947
17.079811014127422
13.713783981904674
12.992923866440933
10.607954889430218
12.924749421349036
15.123951951424047
10.352066976679728
12.091403537838142
13.540336099091991
11.187989951071948
11.17140290105457
10.246766767857583
13.257686133140277
10.82236945589595
11.813273448174202
17.81782522563139
12.835737075396636
12.047591970273862
10.809348116181923
14.184451676894945
14.0520239704252
11.567955824104056
9.059027730400087
11.865154214542574
11.77929851284162
13.103467684868189
12.648977757248327
11.717232414760892
14.15997477392876
11.98075098175377
14.306804524166042
15.875274114944268
10.131781413150598
11.025547190770858
10.167422875055689
17.36724712406683
10.725374272890575
11.243454385430502
11.611827209723897
12.31989242044799
11.348954489463402
16.171908799843393
10.716208760877283
10.805214072768749
12.029729065489024
11.848485615705384
12.2189494989451
11.194960007728568
13.946607729038897
11.524126650883934
10.262782775570502
16.15035944326247
12.566139917076033
11.270314351449763
10.434128794929757
11.453133490018313
11.60718757904078
12.34163469641352
13.763181686335612
12.080034424964945
13.124739199056952
12.960230436388622
11.339639702971672
11.3223857193895
13.939595795788621
20.98178410101856
18.63780673008706
9.459399166111242
13.643167970225193
12.869580824029212
11.250697248431365
13.356872763471705
12.33941494021075
11.422497163539793
11.235988252199608
13.913390567567362
18.646858528845893
14.94475002540643
11.358517607866597
13.114767731945697
12.890202143630928
11.316538153944956
13.362313763318644
10.62352933197965
10.836316874966734
11.47357543198088
13.933250185124912
9.951992910120245
10.693332652968477
19.101203537664237
15.536471487068066
19.6555045308836
13.704093774872515
10.348106176274465
12.438120465063157
12.387005159644719
11.536242500277464
13.327262817044542
16.646096796434012
11.356334656665133
13.079323720135394
16.60081009721576
13.094456630250036
13.807882131209848
10.186799357663213
10.394240810574313
14.824928183282656
14.890451041326822
9.706294035521251
9.089445440579913
15.236019719494514
13.26604640490637
16.029865970248377
15.775999535362033
12.564043209122401
14.71765584283969
17.17124831096914
11.5065019853527
10.739755936332891
12.63488440937201
11.372080417787316
10.61979367214402
14.978481823806966
16.463800071383357
13.021398829533034
