Run0
-167.0783437611775
-44.120094609158244
-30.58540986507874
-28.46137622984145
-27.60349334626871
-27.072395837965093
-26.856852200122727
-28.070721611159573
-28.714900058827165
-28.36900320775938
-22.246588821611564
-24.398007973149735
-22.13449950077769
-26.27396616152496
-26.962964461353284
-22.36740403908239
-25.95765059794434
-22.2686799449308
-21.530862556975116
-24.98871122694852
-23.27268041873494
-20.63818175367355
-22.896951384303346
-19.676822484586857
-23.73209016273879
-18.97961811932045
-17.25975814599498
-19.66899446635882
-16.135537738459053
-15.559932149374339
-19.781502738539995
-25.125897201314856
-15.830506116790149
-17.712386471387667
-15.275447023901306
-19.81425143275758
-16.55239888269677
-20.854714383635304
-25.311157058419358
-15.071956379934663
-17.263206534925086
-17.226002848145757
-21.452093446109178
-15.810435770998517
-17.29650881248879
-20.441561447586828
-13.075984543879624
-13.600330272386127
-18.46402722695837
-13.473841802562418
-12.182640016268502
-19.0205484278003
-17.981003244299778
-12.407703107153507
-13.889043233191304
-22.126735438458052
-13.26258282272144
-14.657323418537008
-12.772539463613494
-17.719895550721446
-15.98988341993111
-13.382503428955385
-14.521152722224318
-28.15066043691584
-15.193590332403437
-11.874545559869267
-15.803317721533782
-16.20274974532556
-15.911960570249713
-22.891339091678397
-14.373199040436278
-12.67212338825958
-16.97151333014018
-20.864526602028953
-14.391349966700348
-17.11215538357835
-15.597364696855927
-14.793066399606463
-16.886369506351738
-12.456790814453704
-16.023117146086417
-28.198589015237125
-10.628792012124508
-13.411252552187644
-12.155931664129131
-16.952223709602407
-13.090906785584533
-15.742319227972638
-18.19272987193532
-14.708598626858455
-13.88745196907426
-13.205624345409511
-14.128743074918146
-15.94635349339924
-16.435713503682205
-10.358382988495716
-14.331762939826714
-16.831665688369167
-16.51870351009064
-19.4295730142989
-16.040854238959355
-17.925872539378243
-17.180213214131633
-18.398158458728908
-21.169442997737853
-11.79888466707371
-14.328348193944144
-12.80311490557983
-20.490768696502915
-11.774868054847863
-13.06602237558124
-13.317321181314183
-15.108099217278
-12.970907681813655
-18.4240343455355
-12.563566705246094
-11.934974121691663
-13.838007611290212
-13.47833781621105
-17.213336428353337
-14.595682596227464
-16.47177004330743
-14.113448129623189
-12.726096666026823
-19.892297134712006
-16.046726778326907
-13.072214012904913
-14.093047034886126
-13.479677147251495
-13.602765083467668
-16.36057791209207
-18.004631187008417
-16.504317016579822
-19.78839889094829
-15.193379504331027
-15.118892815590293
-12.614859742935923
-14.973989455826311
-20.096186437346425
-20.557680709099195
-10.406912282890092
-14.425016983273993
-18.867902232682777
-14.764457536708301
-12.25931442004903
-15.385561663398732
-14.437744456298
-11.885740910060434
-16.005136370548872
-19.287702457817872
-20.22473536009595
-14.814730775618125
-15.998410865569431
-22.396552783524765
-14.632673979867434
-16.031033618283583
-13.172080862129329
-15.288632908481949
-14.233723773419944
-16.257482022180827
-14.04003106716259
-13.39538066752536
-18.038923894586294
-18.35004514671902
-22.520207114125757
-15.162476578052802
-12.71765334895373
-16.704955316230684
-14.281918614550985
-14.441383816598458
-14.990811212862232
-22.081138251106882
-12.915911257509206
-15.453303033827035
-21.367108681384817
-18.980742170479168
-20.208340604488757
-12.41430594803074
-12.706634238260275
-19.24241024504659
-21.7637841953509
-10.970309998789151
-12.041946951771394
-20.24946290177776
-14.83152509653756
-15.791761667147425
-16.8429515770198
-14.298143122343621
-27.50831849195235
-21.27903631363899
-16.577262157280565
-16.502961111360136
-14.941431575328602
-13.097308689098835
-12.885860577938502
-17.153665835821226
-16.6494077912471
-14.106281153694415
