Run0
-129.98238856760977
-37.72006574830802
-33.53539794653228
-36.78021944548752
-36.89402491477811
-36.23536812968465
-38.93547768678345
-37.25894199372691
-36.134320796180916
-34.85789502212354
-35.55598809855903
-34.89532043196289
-39.78963639487612
-37.63097435477631
-35.243070675794165
-36.78023246525845
-38.73601251896763
-36.7441012097155
-34.090028416357775
-33.380977381052915
-35.76617600764053
-38.968753366039394
-33.978346443864545
-35.699608769172826
-33.90529798666194
-35.195619989793514
-34.74782438856144
-35.07153911063377
-34.765750649699484
-36.46582439160035
-35.69797497459924
-36.39301611913513
-35.67351287692968
-37.94643323573211
-36.03079805299476
-34.99527949284073
-33.87954642771325
-36.820606485967545
-35.16353122141617
-38.51570515586868
-34.738754714083534
-36.63441765715973
-34.855997385445264
-35.30460429431034
-37.81393573040016
-35.64638496601608
-37.249515815556116
-39.25924309335565
-34.748467263026455
-35.82474478915362
-34.211040963497524
-36.31493784435652
-38.72058385865226
-33.72322381270965
-34.4870496760327
-35.30241028626537
-34.83834283338036
-35.01062080089489
-34.05541745172959
-39.71194091670484
-42.347624388939906
-35.76856458534103
-33.00347185210106
-33.9633448757533
-35.136592289994994
-33.67097642019816
-30.473080790778006
-31.747430173253733
-30.461994269416678
-35.54434931367533
-28.718380781146703
-28.695126567794844
-33.054420269644766
-32.90299065115035
-30.720493150998628
-30.7668335405321
-29.93696920813925
-30.02155885970247
-28.17550059983925
-32.008700318227554
-31.93074873796396
-35.86851809293645
-29.738722788939675
-33.305627650259694
-28.843885514348887
-29.271312239071964
-29.772385315580568
-31.530439714103444
-29.918846257811406
-26.784302313840993
-32.62308256417671
-32.15704010300366
-32.40198778243107
-31.006831224674762
-32.63205625854759
-30.09036846977792
-31.769848544655297
-31.305244340418277
-27.625674983232457
-28.98549700191544
-29.74670796356076
-31.261639833386074
-32.975375731148766
-27.46004684605396
-32.816336170381334
-26.868024075394757
-28.83465519816957
-27.37579437357929
-33.34358357236566
-30.020680135341404
-25.69916777873697
-25.18243411998539
-26.44957048319295
-33.20981226705862
-32.680991000510986
-30.084393822813833
-31.07422228898562
-35.65375744174491
-32.046973187639495
-30.195914244212418
-30.428596035750783
-26.597687616384007
-27.465869063246778
-30.008972399247984
-31.169400865411717
-29.528624138972027
-29.809465705291043
-24.68478075391805
-28.487166605511597
-26.289967101319544
-34.27280224663664
-26.293666772537865
-26.391848980529595
-33.491812978049545
-25.716968319616903
-28.248866545657673
-35.968195682043564
-28.57165385799948
-31.808923424779366
-32.701725951023214
-29.303170908888106
-29.66119336252524
-28.381197875709354
-23.62965503824596
-26.47243023476204
-28.8419364733706
-25.193670300170197
-25.40927903368122
-29.73999253175999
-28.472540210131363
-26.983885911238765
-30.110658562963735
-29.040518914572473
-34.45471122095568
-29.80215925713687
-27.02249494017673
-28.563611132266644
-30.997758130935928
-29.81959575708279
-25.67004466611051
-29.61685987995459
-32.86382968556575
-31.035978535661677
-30.514845214955237
-27.919871181169945
-25.103803281510743
-27.58062747242502
-25.715626023852938
-25.46465084552652
-27.80093014677555
-28.517169076271312
-33.5869095377374
-27.496829525543294
-32.3902066369136
-35.12177521207986
-40.92379942069402
-31.877510344526193
-30.51125256019299
-29.77485289204049
-29.154156418963332
-35.63611434708946
-30.78710400232311
-29.206364548809024
-31.366669735529648
-27.461474804285803
-28.601709486251085
-25.267527754975966
-26.47877299606619
-34.13069590871942
-29.700196214451516
-24.385440605877932
-28.303861093133687
-29.0822980334309
-25.421829091180744
-26.362498087095037
-24.92042580173676
-27.56533624899689
-27.15837981575443
