Run0
56.341093314926326
6.816265176073295
3.5767106607762553
4.224997657959939
6.71126983491393
7.455000228206997
10.509846655974533
5.268983749370451
6.187604162949068
5.390592975598944
3.356175294558552
6.6926623280242845
15.304181418121102
5.23822309402819
5.2280424429379355
6.212036930380714
6.395443810350216
6.00387582116268
6.938858204091224
5.52410715317765
7.370475938702361
5.713628342775477
6.802886367351815
7.707387281380359
5.152301761956476
7.688139381937905
7.438978997768502
7.97392499217701
9.37393673582969
8.496425251594042
5.7108145194344475
12.170685333297055
11.246808286913238
7.956106351109113
5.0273212368728615
9.540828833053084
7.933208762461039
5.844324405599105
4.9311228412867205
10.858918104031241
4.4395082054811885
8.122535397505562
4.063731286415405
9.656606812311047
10.940052408579342
7.480869584826298
10.69730802682553
12.431699499007511
9.31342713358573
9.694857083082994
9.813663017531141
11.17744707930111
8.176250588542109
8.812573365150953
7.690975046919965
3.5770752846203315
6.888956567611104
8.437241981864855
10.138073425846727
23.975248388381075
15.13886591214916
7.460930604981826
11.95456779281368
4.6529022809921345
11.151657654838537
8.9443329611489
12.491512360030898
12.849098266149666
12.741713829146029
7.670643098986615
14.54909503920184
15.02198156465866
11.874040140048088
7.011835101275184
11.862723984957892
18.271074505245412
12.735102900593835
16.370683540183624
15.832945453931924
13.589270919805312
7.797559582944937
5.217168666596778
13.695323760322555
12.511769770832448
14.993938948849562
13.129235865537602
12.1588128085161
12.143006736961457
14.1934712394034
15.724050609214567
14.090510122213077
13.45700279150896
12.151485099329708
13.380892233560132
15.913929500981874
17.42815053979848
13.941218027537467
15.88492233071099
13.532210789224187
15.447450438260518
13.605624349774097
11.078746286179266
12.711271527843287
15.460299038562294
11.221487698845367
15.504201616208302
15.885479909261822
15.107150833264894
7.836096880350232
14.757255768799329
16.222404097105724
14.211241362908002
15.476522117117833
16.750596101601907
16.364624933974497
15.267387468837432
13.807293493184101
11.536368657735453
13.128341910940945
16.465336369713462
11.816229072843077
13.169707348584678
12.418699322790712
10.70306095779078
11.896521919140637
12.235396001697763
13.698135255153819
17.630702365803455
15.550823558976676
14.216313945620316
5.831488581858575
14.123646358229038
15.11328373844459
6.547989138513262
13.597065824744805
15.896383724526585
28.315082879184498
12.277028344984908
10.800751530582868
13.264347601668227
14.598019933236323
16.099633910412926
15.98572874271429
15.945183532263801
13.237056428349694
14.186159292327751
15.807278821807332
14.253798027807154
12.674678445870446
18.46336427630701
18.42940360372037
15.260306440557066
14.273283161451317
8.846040205018653
16.3013905227139
14.311470326348964
12.81970617119685
10.454872597629592
13.482173854705374
17.14320652007576
15.511801963045459
14.867519836789807
14.087936272501514
16.51298021883453
15.0015727368614
16.76572768969016
15.728877824693875
13.89635509240958
14.687690247455302
14.872260269065112
14.012486236519324
6.420328309049629
14.775523518602677
11.531255481256986
9.868129198456076
10.552492189736704
12.35122654443324
11.349905981648151
11.879995489575938
14.692292022745177
8.46124519321979
14.856361810122898
13.857703517335754
9.329303967746538
12.085936552436026
15.68238245053548
14.462377655553544
14.951047716021685
3.1848107211468437
14.318748856985577
15.131832811678754
13.24716006261883
16.70610472102691
15.001818711463017
15.15791326956933
14.894914334526124
14.089224374222523
13.53139492527938
