Run0
0.0
0.0
0.0
0.0
0.0
0.0
0.0
0.0
0.0
0.0
0.0
0.1795054935711501
0.0
0.0
0.0
0.0
0.0
0.0
0.17950549357115012
0.0
0.1795054935711501
0.0
0.17950549357115012
0.17950549357115012
0.0
0.1795054935711501
0.17950549357115012
0.1795054935711501
0.24944382578492943
0.1795054935711501
0.0
0.3
0.3
0.0
0.0
0.24944382578492943
0.17950549357115012
0.0
0.0
0.24944382578492943
0.0
0.17950549357115012
0.0
0.24944382578492943
0.17950549357115012
0.1795054935711501
0.24944382578492943
0.24944382578492943
0.24944382578492943
0.24944382578492943
0.3
0.3
0.0
0.24944382578492943
0.1795054935711501
0.0
0.17950549357115012
0.24944382578492943
0.3
0.1795054935711501
0.1795054935711501
0.17950549357115014
0.37267799624996495
0.0
0.30000000000000004
0.24944382578492943
0.37267799624996495
0.3726779962499649
0.37267799624996495
0.17950549357115012
0.44221663871405326
0.44221663871405326
0.3
0.1795054935711501
0.33993463423951903
0.45825756949558394
0.4000000000000001
0.44221663871405326
0.45825756949558394
0.33993463423951903
0.1795054935711501
0.0
0.4000000000000001
0.3
0.44221663871405326
0.4000000000000001
0.3726779962499649
0.33993463423951903
0.4229525846816506
0.4714045207910316
0.4
0.3726779962499649
0.33993463423951903
0.3726779962499649
0.4
0.44221663871405326
0.33993463423951903
0.4000000000000001
0.4229525846816506
0.4000000000000001
0.37267799624996495
0.3
0.33993463423951903
0.45825756949558394
0.3
0.45825756949558394
0.4422166387140533
0.44221663871405326
0.17950549357115012
0.4229525846816506
0.48189440982669857
0.45825756949558394
0.45825756949558394
0.4
0.4000000000000001
0.4000000000000001
0.37267799624996495
0.3
0.30000000000000004
0.4422166387140533
0.33993463423951903
0.4229525846816506
0.4000000000000001
0.30000000000000004
0.33993463423951903
0.33993463423951903
0.37267799624996495
0.49553562491061687
0.44221663871405326
0.44221663871405326
0.0
0.44221663871405326
0.45825756949558394
0.0
0.44221663871405326
0.44221663871405326
0.4229525846816506
0.37267799624996495
0.3
0.33993463423951903
0.4000000000000001
0.4229525846816506
0.4422166387140533
0.48989794855663565
0.44221663871405326
0.4000000000000001
0.48189440982669857
0.45825756949558394
0.37267799624996495
0.4714045207910316
0.48189440982669857
0.4000000000000001
0.4000000000000001
0.24944382578492943
0.4229525846816506
0.44221663871405326
0.4000000000000001
0.3
0.4
0.48989794855663565
0.4229525846816506
0.37267799624996495
0.37267799624996495
0.4229525846816506
0.44221663871405326
0.4898979485566357
0.45825756949558394
0.45825756949558394
0.45825756949558394
0.4422166387140533
0.4000000000000001
0.0
0.44221663871405326
0.3
0.24944382578492943
0.0
0.33993463423951903
0.33993463423951903
0.33993463423951903
0.4229525846816506
0.17950549357115012
0.37267799624996495
0.4000000000000001
0.24944382578492943
0.3726779962499649
0.4229525846816506
0.45825756949558394
0.45825756949558394
0.0
0.4
0.48189440982669857
0.4000000000000001
0.44221663871405326
0.4714045207910316
0.45825756949558394
0.4714045207910316
0.4229525846816506
0.4229525846816506
