Run0
65.27199510298959
13.578269056152767
10.993635768187415
13.418533147189086
13.294718433765812
16.056054879223343
17.068793905242874
19.550175539481625
12.681878560538646
18.899438484638655
20.901888169637704
18.51642124885284
23.883297263070382
18.21033173919149
15.354279131499435
17.429747550753913
18.905481360202508
16.296656414316534
16.70184660094754
13.18922817620999
15.20024631082096
14.84345708904032
15.0948470692091
14.936246003738272
15.068943507921631
13.931225147324833
14.13424960858475
12.86299549727959
11.449763841013716
14.162974030228398
12.866283067243527
14.39474997442486
12.850392002372159
12.191773592842534
12.583075450472636
13.161377745581595
14.800250027124333
12.995359059509193
13.117225645182485
16.097959201406976
13.336307107865377
15.968796351929802
14.877399032222954
13.659919796264846
13.995647115145848
13.687252258132519
14.10481048705758
13.142727452314293
13.736650796350713
14.48281256845011
12.158992838705503
17.81449693791506
13.128011298110993
14.494000042984617
18.05911469537264
19.432885349094832
14.610965736928552
13.30043759938569
12.38169293717897
14.117140475969512
12.197495579882592
13.656984970177248
9.083213316785962
25.9589767976784
8.467302658341458
9.642169323374574
7.989460824843
9.845323444943682
13.17602032044658
13.79753999635146
12.43323895565205
10.982202919649245
12.99902997699683
12.790555176257495
10.712937290630595
10.056672763838616
12.928351679915785
9.77586842952202
9.980175129388426
10.353411303076072
12.510405142084709
14.235458929961055
9.364551879098057
13.749220070331088
9.894423749311688
11.67467243459375
11.677848073694582
16.392400714503875
8.757157537794363
9.145517318937731
8.739723520066882
11.342111970865359
8.467677792992378
13.0927968190964
10.533912027643694
10.851108105804082
11.964605819189739
11.825342000062086
10.563641504688864
11.58652537445623
9.2078941452066
16.511552458032348
18.07542592982899
11.001617459374298
12.352159217229284
8.515442405591372
12.522151171638974
10.08222020744575
15.296711969593314
10.400932674876938
9.49701456426154
8.943078245921551
11.515838817244418
11.636348044174147
18.42061521037312
8.801758582142273
10.154586790101693
16.263868242901136
9.34877499843523
8.378909849100166
8.404519123086038
11.989957937969205
11.118038016401176
10.347121714390834
16.467307458308774
14.101551836250469
9.662292315273573
11.808497866690525
8.957944090907827
12.754045266800555
12.519533497834523
10.793260775653495
11.834331902410263
10.981300901561257
10.756220064486712
11.35528468205262
9.638192164527
15.368371435120975
10.395292285668413
12.28136692025484
9.16096103581111
11.208370955674257
10.46821009170929
11.164410260611414
10.689109322017273
11.342646835263213
12.21019978864572
9.905876063697276
12.227976799116345
13.070550390933242
15.775165481617144
11.098617702987264
12.461385129492697
13.301954695193366
11.342746293797793
10.021140710297585
10.751838498353061
10.025309775901746
8.648605910446053
14.719561553305669
8.997135216564532
8.117729440841021
13.753935674523769
9.2225564826514
7.331603327696341
10.262651802555254
7.5475083835473304
9.173206926506788
15.352609728349046
14.763299923090452
8.376540105851593
14.289930530524554
12.77062086081152
11.584704060627276
12.29570148478557
15.464868009611674
12.05457450026042
11.30446342599271
7.211755029802067
13.216886675398994
16.74951164270705
11.56881321932071
15.940421252111406
10.513552686956574
12.309214073836982
9.363301230267862
14.997675036408996
9.373250933784849
11.556278810925344
17.662905059935735
16.210702723062962
11.79891512991172
12.418690846693087
10.58105348765123
10.786165867336473
13.164826507755528
8.047043614464853
9.790536344063447
