Run0
0.0
0.33993463423951903
0.0
0.4229525846816506
0.33993463423951903
0.42295258468165065
0.44221663871405326
0.4714045207910317
0.24944382578492943
0.49553562491061676
0.4898979485566357
0.48989794855663565
0.4898979485566357
0.4898979485566357
0.4000000000000001
0.4955356249106168
0.49888765156985887
0.48189440982669857
0.48189440982669857
0.33993463423951903
0.4898979485566357
0.49888765156985887
0.48989794855663565
0.47140452079103173
0.45825756949558394
0.49553562491061676
0.48989794855663565
0.4898979485566357
0.4955356249106168
0.4955356249106168
0.48189440982669857
0.49888765156985887
0.49553562491061676
0.4714045207910316
0.49888765156985887
0.4898979485566357
0.49888765156985887
0.49888765156985887
0.33993463423951903
0.48989794855663565
0.4714045207910317
0.4714045207910317
0.4818944098266986
0.4955356249106168
0.48989794855663565
0.49553562491061676
0.4714045207910317
0.49553562491061676
0.4714045207910317
0.45825756949558394
0.4229525846816506
0.4422166387140533
0.49553562491061676
0.3726779962499649
0.4714045207910317
0.4714045207910317
0.4898979485566357
0.4898979485566357
0.4818944098266986
0.4714045207910316
0.48989794855663565
0.4955356249106168
0.4229525846816506
0.4000000000000001
0.45825756949558394
0.45825756949558394
0.3
0.4229525846816507
0.4818944098266986
0.4229525846816506
0.45825756949558394
0.48189440982669857
0.4818944098266986
0.48989794855663565
0.4
0.45825756949558394
0.4714045207910317
0.3726779962499649
0.4
0.4714045207910317
0.4714045207910317
0.4422166387140533
0.4
0.4422166387140533
0.33993463423951903
0.4818944098266986
0.4
0.4714045207910317
0.3726779962499649
0.3726779962499649
0.3
0.4898979485566357
0.4
0.49888765156985887
0.45825756949558394
0.37267799624996495
0.42295258468165065
0.4898979485566357
0.4714045207910317
0.45825756949558394
0.3726779962499649
0.49888765156985887
0.49888765156985887
0.458257569495584
0.49888765156985887
0.3726779962499649
0.44221663871405337
0.3726779962499649
0.49553562491061676
0.4422166387140533
0.49553562491061676
0.4000000000000001
0.4229525846816506
0.4422166387140533
0.4898979485566357
0.4
0.42295258468165065
0.4898979485566357
0.4229525846816506
0.3726779962499649
0.42295258468165065
0.45825756949558394
0.5
0.4955356249106168
0.5
0.44221663871405337
0.4229525846816506
0.5
0.3726779962499649
0.4422166387140533
0.48189440982669857
0.4229525846816506
0.4714045207910316
0.49553562491061676
0.4714045207910316
0.5
0.4
0.4818944098266986
0.49553562491061676
0.45825756949558394
0.42295258468165065
0.45825756949558394
0.458257569495584
0.49888765156985887
0.4714045207910316
0.44221663871405337
0.4714045207910317
0.4714045207910317
0.4714045207910316
0.45825756949558394
0.4955356249106168
0.4714045207910317
0.4714045207910317
0.48989794855663565
0.4714045207910317
0.42295258468165065
0.44221663871405337
0.4898979485566357
0.4
0.4955356249106168
0.37267799624996495
0.33993463423951903
0.4714045207910317
0.4229525846816506
0.29999999999999993
0.42295258468165065
0.33993463423951903
0.33993463423951903
0.49888765156985887
0.33993463423951903
0.37267799624996495
0.4898979485566357
0.44221663871405337
0.37267799624996495
0.4898979485566357
0.48189440982669857
0.4229525846816506
0.3726779962499649
0.33993463423951903
0.4422166387140533
0.4898979485566357
0.4714045207910316
0.45825756949558394
0.4714045207910317
0.4714045207910316
0.3726779962499649
0.4898979485566357
0.4422166387140533
0.33993463423951903
0.5
0.4955356249106168
0.4229525846816506
0.48989794855663565
0.4714045207910316
0.4818944098266986
0.4714045207910317
0.30000000000000004
0.4
