Run0
-175.60272033197563
-32.749053661857225
-34.6564311511499
-26.204189263376517
-29.2445597944837
-28.4202734702541
-27.157287861484136
-26.894138181251815
-35.41577314245432
-24.52797603883281
-25.29520736024796
-24.470958648792514
-26.451491497658996
-24.506620961690363
-29.019958085803925
-23.11300446200823
-22.838600748036274
-25.09452491002565
-25.039501152253745
-28.88874557954672
-17.84201452048552
-20.094274120129015
-22.52690381378536
-24.665054971337373
-24.924828571619738
-17.468214811359402
-16.622844193730877
-20.978312266688288
-18.758650625652262
-17.911769014814833
-21.79779746395444
-18.503443983720388
-16.882667761215867
-21.949408856722865
-19.264243010336823
-16.686176507576725
-18.849563361407473
-18.736853140990174
-30.55486432424549
-17.982142267178283
-14.823060642680101
-16.677328323956917
-16.398280176556863
-17.538431759188903
-16.959713881308843
-17.22101505164326
-15.573146591365036
-17.3481987263532
-15.240600865453674
-15.251077264531563
-12.797112434827863
-15.701708183491792
-17.275439417106433
-12.417931965695997
-17.74118270063823
-27.393509034132666
-17.08077445535239
-16.458952477836426
-15.47839876371183
-15.453285188799722
-15.863868480126985
-17.29695985896431
-11.704729755675125
-34.41404941852748
-12.924534613659517
-13.053304532033907
-9.100754958518914
-12.045954269388032
-15.970225180862434
-28.343849971406165
-13.9946548571806
-14.604975622864151
-15.676293007301421
-21.019928976651283
-11.474934799350601
-13.339592510376985
-15.218396706817812
-10.886526242924912
-11.712974846417174
-13.709501761959086
-14.928508433786861
-26.799624493977692
-11.118795999260184
-13.93792642292549
-10.525613966722906
-14.727879190817209
-12.391275779773434
-17.163383233378223
-10.71172646494109
-10.520969009319568
-9.438842315303216
-15.454843201639497
-10.954006330203521
-18.906047504422755
-13.18058546981934
-11.58428660216813
-13.207044406547055
-16.198037482058997
-14.248428193944305
-13.631750615587668
-10.65292847824795
-22.265241139875517
-23.13362132217382
-13.923544728717024
-17.43878121194812
-10.811959301179611
-13.316661571081763
-10.851263719785875
-21.624703638580733
-12.453078369837014
-15.739940150611563
-11.15742208292571
-12.741967736995594
-14.123207890720822
-20.358747730249476
-11.222782884296322
-12.12570747958707
-17.964067481609337
-11.876087110013717
-10.505218447153508
-12.042381729196872
-13.923628117708716
-17.55907404787744
-16.25619268420158
-20.817898324888812
-14.655150687590115
-12.064236620294754
-17.909686878525896
-10.409216804969024
-13.519555998628887
-22.164383927773606
-12.45895651981416
-14.190626851666027
-16.17328647302358
-13.671373797715543
-17.054964442141877
-11.009904763223991
-16.543050218836363
-15.783795284289756
-14.234329751784653
-11.737373703085849
-13.716881731676018
-13.386717769783758
-16.50722344590231
-13.91844782983098
-12.784014285524147
-14.938598877591227
-13.78662123985877
-14.755673546643209
-14.939227994366025
-18.203856942082197
-13.978061444162282
-14.653871774390028
-21.00290494384541
-14.038740831394527
-11.835870991067951
-12.712582306793877
-14.996887534641669
-11.234980265883845
-17.668878244680208
-10.667891193717509
-9.929638948734691
-16.261732436855194
-12.22132712438149
-9.255300838308782
-12.066788355103053
-9.912547954692652
-9.982201641706713
-21.47811500370767
-12.286247113268887
-10.548234587431455
-21.7233749317996
-13.51732960988222
-11.36076012669095
-16.35490441936033
-23.879555020635788
-12.881392792701636
-11.466632264114654
-9.781851882612093
-13.981805759616343
-24.423789007575504
-14.643919566812059
-16.12657899166049
-14.227510486721886
-14.670712101839104
-11.260452412456763
-17.18505402681803
-12.85578369608746
-28.374072805816
-22.08907458551666
-18.05524142059451
-12.680230826944523
-16.33889619743861
-13.749903789532897
-14.90597714309955
-15.154579867788698
-9.471730721888429
-11.263217956610527
