Run0
0.7
1.0
1.0
1.0
1.0
1.0
1.0
1.0
1.0
1.0
1.0
1.0
1.0
1.0
1.0
1.0
1.0
1.0
1.0
1.0
1.0
1.0
1.0
1.0
1.0
1.0
1.0
1.0
1.0
1.0
1.0
0.9666666666666667
0.9666666666666667
0.9666666666666667
0.9666666666666667
1.0
0.9666666666666667
1.0
0.9666666666666667
1.0
1.0
1.0
1.0
1.0
1.0
1.0
1.0
1.0
1.0
1.0
1.0
1.0
1.0
1.0
1.0
0.9666666666666667
1.0
1.0
0.9666666666666667
1.0
0.9666666666666667
1.0
0.9666666666666667
1.0
0.9666666666666667
1.0
1.0
1.0
1.0
1.0
1.0
0.9666666666666667
1.0
1.0
0.9333333333333333
1.0
1.0
1.0
1.0
1.0
0.9333333333333333
1.0
1.0
0.9666666666666667
1.0
1.0
0.9666666666666667
1.0
1.0
1.0
1.0
1.0
1.0
1.0
1.0
1.0
1.0
0.9666666666666667
1.0
1.0
1.0
1.0
1.0
1.0
1.0
1.0
1.0
1.0
1.0
1.0
1.0
1.0
1.0
1.0
1.0
1.0
1.0
1.0
1.0
1.0
1.0
1.0
1.0
1.0
1.0
0.9333333333333333
1.0
1.0
0.9666666666666667
0.9666666666666667
0.9666666666666667
1.0
0.9666666666666667
1.0
1.0
0.9333333333333333
1.0
1.0
1.0
1.0
1.0
1.0
1.0
1.0
1.0
1.0
1.0
1.0
1.0
1.0
1.0
1.0
1.0
1.0
1.0
1.0
1.0
1.0
1.0
1.0
1.0
1.0
1.0
1.0
1.0
1.0
1.0
1.0
1.0
1.0
1.0
1.0
1.0
1.0
1.0
1.0
0.9666666666666667
1.0
1.0
1.0
1.0
1.0
1.0
1.0
1.0
1.0
1.0
1.0
1.0
1.0
1.0
0.9666666666666667
1.0
0.9666666666666667
1.0
0.9666666666666667
