Run0
-166.26318607262894
-50.54357192843443
-51.820718182093486
-55.75107449630732
-46.573666669805476
-45.009255546650756
-48.19033452640299
-46.72774734577262
-57.743301826465164
-52.3003309917237
-63.798389162446846
-64.22682961411151
-66.49568323636498
-55.93210662770577
-62.91748005475027
-64.3510404042667
-39.73454831080408
-44.7182892065624
-49.60301905229222
-41.323767253167595
-61.05605208210898
-40.79802026702814
-39.71969535233359
-40.31564082515342
-42.72852731010736
-39.463784576276566
-40.68547881905449
-45.32492181094275
-39.814102560041356
-40.56430323800828
-40.96735090975023
-38.72921489304884
-41.74539313672512
-40.734569821093466
-37.179151948054596
-49.31107251509362
-41.18638232388063
-40.62208548526438
-48.563826708177764
-44.56506729316689
-47.26308864471262
-38.527706240568946
-39.046849840631666
-43.77563803908709
-39.155291785105774
-39.42809689903946
-43.565529520046134
-41.86518074120992
-38.395690591011345
-38.712712580874424
-42.2075671011281
-39.51244583107195
-35.97473709928368
-41.54298504042755
-38.33230534773924
-38.48854905293954
-36.89896410971585
-37.96074968907313
-39.71216542379566
-39.244011244081065
-36.21341506790381
-38.94683972361634
-37.07571353369539
-36.16159397923487
-38.19261423128399
-40.907162477165585
-36.97902937447269
-37.00439987178774
-36.848205434065434
-36.8413398090052
-36.68871913101533
-37.432571156575044
-43.91605721439172
-37.54419591737459
-41.00097397019042
-37.08459618349817
-42.35629183940539
-38.286714295812445
-37.062428233893215
-37.98048411336362
-37.123472227319795
-39.63616332725194
-37.91451547333826
-37.58813729671375
-38.537651838324834
-37.08883976401741
-37.563351641531774
-37.01979769236837
-36.4261523431794
-47.01204704071374
-37.64401521713823
-37.38347338388457
-39.98823403348755
-37.532855451809404
-42.12695740548465
-37.59334404841675
-40.268596342587806
-37.19312158151304
-38.51427331386729
-37.873993596942064
-39.08479192497869
-37.0995611631731
-36.68824334673551
-38.367272091423736
-43.27165154238217
-37.42397602543644
-38.50797800325753
-37.7763253400171
-37.294553100862665
-40.055185281629264
-39.45683422612487
-39.42332396882376
-42.13970581073021
-39.25449867806446
-38.08981723111995
-38.0310541670188
-39.02919098303423
-36.400091807002745
-39.13453902331625
-38.71299322830858
-37.342311351234414
-36.90374210083667
-38.09320176521896
-40.58982770825264
-39.29931016051488
-37.81266468286181
-35.810797211698834
-38.619245793592526
-37.86742581617437
-39.66240413708025
-37.22796466470769
-39.17935881480019
-38.57270109636958
-37.9370861878209
-40.234324310237064
-38.64563802870173
-36.237182483142526
-37.699287005562205
-39.02663638018426
-39.55708015705978
-41.50318161106873
-39.77517412390196
-36.944795990548755
-36.787371853205336
-39.85252436929556
-39.37875060773561
-41.2037565056293
-39.71661908239178
-40.08716138232101
-37.40945842095069
-36.180341122405544
-37.26347445757316
-36.655972945251975
-40.81907206739711
-44.82251460222919
-38.35463832311879
-45.02362226488642
-39.14079143830067
-37.57969477252427
-41.11969223008209
-37.5404046508011
-37.00148001853272
-40.920014171932536
-37.56688918386525
-41.1871149167076
-39.68797809640639
-36.91370310633572
-44.90594275450276
-37.75104113251785
-37.531003689778146
-43.00134445549695
-36.65471125458147
-44.046144104486096
-37.44254262360878
-36.81522476316538
-40.894008895977876
-36.62226717588706
-35.53499560438152
-36.144725366683446
-38.49879926519237
-38.3555165431269
-39.809102055071186
-37.05048363841083
-40.672829009475045
-38.32954054845838
-41.48815803603684
-39.067886533066
-40.76906100408159
-36.53450760490897
-36.50223924770205
-37.640783687780704
-41.88909789182389
-36.47658926668202
-43.624876302228905
-37.20829680176691
-38.63498834772234
