Run0
0.45825756949558394
0.0
0.0
0.0
0.0
0.0
0.0
0.0
0.0
0.0
0.0
0.0
0.0
0.0
0.0
0.0
0.0
0.0
0.0
0.0
0.0
0.0
0.0
0.0
0.0
0.0
0.0
0.0
0.0
0.0
0.0
0.17950549357115014
0.1795054935711501
0.1795054935711501
0.1795054935711501
0.0
0.1795054935711501
0.0
0.17950549357115014
0.0
0.0
0.0
0.0
0.0
0.0
0.0
0.0
0.0
0.0
0.0
0.0
0.0
0.0
0.0
0.0
0.17950549357115014
0.0
0.0
0.1795054935711501
0.0
0.1795054935711501
0.0
0.17950549357115014
0.0
0.17950549357115014
0.0
0.0
0.0
0.0
0.0
0.0
0.1795054935711501
0.0
0.0
0.24944382578492943
0.0
0.0
0.0
0.0
0.0
0.24944382578492943
0.0
0.0
0.1795054935711501
0.0
0.0
0.1795054935711501
0.0
0.0
0.0
0.0
0.0
0.0
0.0
0.0
0.0
0.0
0.1795054935711501
0.0
0.0
0.0
0.0
0.0
0.0
0.0
0.0
0.0
0.0
0.0
0.0
0.0
0.0
0.0
0.0
0.0
0.0
0.0
0.0
0.0
0.0
0.0
0.0
0.0
0.0
0.0
0.24944382578492943
0.0
0.0
0.1795054935711501
0.17950549357115014
0.1795054935711501
0.0
0.1795054935711501
0.0
0.0
0.24944382578492943
0.0
0.0
0.0
0.0
0.0
0.0
0.0
0.0
0.0
0.0
0.0
0.0
0.0
0.0
0.0
0.0
0.0
0.0
0.0
0.0
0.0
0.0
0.0
0.0
0.0
0.0
0.0
0.0
0.0
0.0
0.0
0.0
0.0
0.0
0.0
0.0
0.0
0.0
0.0
0.0
0.17950549357115012
0.0
0.0
0.0
0.0
0.0
0.0
0.0
0.0
0.0
0.0
0.0
0.0
0.0
0.0
0.17950549357115014
0.0
0.17950549357115014
0.0
0.17950549357115014
