Run0
72.12355127846075
6.709706388886499
12.211924092669001
11.51457446398692
6.75973779438093
6.6682969190513575
10.721140113097933
5.747513026266592
8.326558154263909
12.751454240806028
29.394195279613214
17.235321798288453
53.2715215630963
30.716849121174526
34.86841166875357
35.22603821337251
15.465300945848801
25.910531987157956
12.924423817082747
20.185653888806023
38.90614670082888
27.34268943453129
9.311066364345558
24.427246223681287
50.46218371555448
18.681025967059043
9.285069040509086
10.689191483283409
11.306602780638524
8.168251584842219
8.700829752936023
9.275412023655901
7.55688189529792
11.22137082859945
9.59172247827111
17.90737192391192
10.34318178941645
5.265049050111106
12.240721283128348
11.475387015035308
10.823816092274004
8.680645168396394
8.35840841411968
6.008407204406543
9.511180677201127
7.812216813566706
11.828039733306765
5.116617373671648
5.703154761855124
8.479214715143474
10.148853293913566
15.480940750154046
15.664412007425547
10.577586726420177
4.517498034768508
8.011816743852911
6.917103768916272
7.763312308069466
9.018361418214209
8.978921923221645
8.256235155615862
7.298261745544751
10.63756380992744
7.65791014266905
10.426161369045328
5.168379642344744
7.172926041006288
6.408563119721363
9.866613444362875
8.76054164118063
7.603306240778647
9.274504087163502
8.727398787921242
5.89456035644821
13.629260290836758
6.359906350548202
6.483600957989647
14.794955081515761
7.3058901020732945
6.8264919614794906
11.826018578906304
10.558685811878442
6.9407711347603565
9.391748457188328
6.001821911229223
7.449175533910778
15.29507418832937
8.234386944990858
6.598837428722322
12.056456666519063
5.558977824632823
6.3920505838603665
6.716734316230075
4.4709638065672594
6.907839504121642
7.039744093422864
8.934505061558614
9.085544372930539
9.178803265885522
8.107055796063776
9.466017969234324
7.457895809480255
7.056894080682981
8.006781166956307
25.97031554881029
6.7114245565208055
6.65058136667001
6.757092559471878
6.82312706148724
6.490965153956751
9.172470240470647
7.055922442337835
10.5208744243249
7.798477909122861
7.964465220052202
8.015676178940717
8.61025732376256
7.103517635668888
5.872278101745574
7.43850552741035
7.019315890842233
8.891280438693746
6.894795926069803
6.36945603364696
6.40264711762415
9.887772138873665
10.82066825717563
9.253775827364025
10.331235207252915
11.872065205576517
8.757224562474915
5.248248767166615
7.527888608180086
7.402863446152931
11.036556423433753
10.359892602455396
6.90660435818625
8.072946656488435
10.986550175930303
8.465837643429326
10.24411384535062
8.502964765904254
8.521245761273061
6.86654807407995
7.369828834407652
13.169730682661465
6.83739640300559
13.415791862595228
7.659980048129664
7.360655729671538
8.024933927946762
7.9403909953383565
8.171979179844865
7.064108688250393
8.340341389535268
8.2186293683823
13.857102703875565
8.227342311138019
7.044828842848134
9.476932668436152
7.36012791725467
7.325664618781685
9.647117425622191
8.105551624327903
13.452610469884092
9.869808585561149
6.806285973081191
20.245930836910695
7.34679938524012
7.214305613251574
10.00932726212008
7.092027997005749
23.684444662223658
7.676878632310106
7.455563548375511
10.951451410344513
9.348766928548617
6.96044305708865
7.203902121793578
11.435025962130839
7.692999812228201
9.892425411879943
7.992476236111585
12.27566978545633
8.776880591227787
12.650536778130883
8.419484658860357
6.070022953270981
4.964498499685596
7.16586947692326
6.3294229242983615
33.69130113983119
7.27473770900305
14.611516736458524
8.486541251110644
11.000337116189417
