Run0
-154.65880308020402
-43.5025340712091
-47.846628422364155
-49.16194061545554
-44.71331742831878
-44.56121649814215
-52.13183576369161
-48.2866512843378
-53.035456122952475
-55.71272305167456
-58.89666782525486
-67.23710144274702
-81.79315609675646
-66.86808685132436
-66.10000379221421
-66.34868811204042
-44.89545160164858
-54.424644945536116
-54.72676220199445
-55.57799781230495
-63.61808098953201
-55.30576334548238
-39.192628757365725
-50.28369692499027
-73.41151205656675
-42.68360826615436
-42.24649998339117
-47.12514829159167
-44.91921025929093
-36.673468691732864
-42.82707470858549
-37.925322430476875
-38.62414905969985
-37.93957914667283
-36.686529914197145
-52.874017974443994
-39.165946153460574
-36.46072538627336
-42.45020133764944
-44.04663814113792
-47.43637682109434
-37.61564587077154
-37.254404455535614
-43.84101672962004
-40.09507501016983
-37.7421456087238
-43.35624299479601
-37.6984878684806
-39.10523302798382
-40.65261420983062
-44.4592134747488
-50.217347567021825
-44.584015903478786
-47.57897843380523
-38.53130357224766
-34.49429786435167
-36.83910868184615
-36.839716586882474
-39.03457489495209
-37.54241271607239
-34.235245605335884
-43.27670734123983
-35.89907713154024
-36.369781853369304
-38.19968103151253
-41.39808005238248
-34.86174343142996
-37.26930564895409
-37.87222942566647
-39.42838119027372
-36.77896522872899
-36.07150587353394
-45.225259655389046
-34.77382741718815
-37.3794854172284
-34.547884451022675
-44.52342634740316
-41.80464030860002
-39.33107321475753
-42.993830281511514
-36.54815902426779
-37.38809396393228
-36.23497728353235
-34.97383596086278
-34.74812233737815
-43.31455504897791
-44.36098589319904
-36.24148598025239
-36.03936606967602
-53.11623413573258
-37.12525443117852
-36.54574245299761
-39.563266407904585
-41.16572625552659
-45.25751100961169
-43.85491906385973
-44.8483787455884
-34.571847222223916
-41.04748773079442
-37.06476680160061
-37.83926978069753
-36.23173821645461
-35.80034979358768
-35.771225300936614
-50.44743099788409
-36.02450074706465
-35.520908309265856
-35.79602077401413
-38.45865094906157
-35.35689225805861
-49.233911781951996
-39.281730647842615
-42.89386622291364
-40.599250697432346
-38.41010316620121
-36.78149540075028
-39.02202411401627
-37.682270752332656
-36.87164258110679
-37.09559158892478
-36.23243955789215
-37.88718433334043
-37.37309865338805
-38.62287470010449
-39.9364879249307
-35.52015872107299
-39.802531546902564
-42.414414363949064
-37.479180713070576
-38.36008780189281
-34.28888723858753
-38.135042657857575
-35.579774458354585
-36.07210908387609
-41.0131439687781
-35.23213765432699
-34.65747375771727
-35.15095639059923
-46.48458207242967
-37.686467121347206
-42.70346015778708
-36.561643120749096
-35.49673646418608
-34.904702507146865
-35.068236160471656
-47.52000589965745
-36.94912034272993
-48.955722951263674
-35.02601733684405
-35.791915967682144
-35.94078927452983
-36.71505636390733
-35.985039219811796
-37.940376123260734
-42.463455907350074
-38.313766502532665
-48.21047431426138
-37.32666202184747
-35.58241938288004
-42.19224710824248
-35.37510642318477
-35.573419880290196
-45.26770107759298
-36.39587583548346
-43.82566702670467
-42.08099281261309
-35.04458010809092
-50.16346674036865
-36.617982072617764
-35.943652517778965
-42.59326285570636
-36.347475879704945
-55.95563173826314
-36.427424063498385
-35.48270880735342
-45.275392987300684
-34.87813612992025
-35.222580942207195
-35.166927742699336
-39.49628189859542
-36.232408392288626
-43.43252860913848
-36.41415892570732
-40.08339600325041
-36.95306910018601
-40.66744310769024
-37.38748775671191
-37.6411703978175
-34.88188098352225
-35.96539113606369
-34.00188608852434
-53.05864467085051
-35.856202311599404
-40.816605743297984
-38.0242710798779
-41.144917681370295
