Run0
68.90149757711514
11.682418718777013
15.464599464732615
16.126221602089533
6.485610041393861
6.096607359306741
13.466978055852943
3.9410436811961413
15.635415975832325
9.80509045689593
24.530710928780238
25.43984042039942
33.13371968216085
12.612692019866882
20.56921266711014
22.656483531400877
6.454702569689977
12.242652114163807
32.971533334380084
11.411210226585792
17.517455054964024
7.51121788363562
5.6845310673233795
6.501465817322877
8.631578258982017
9.140564825586425
12.634965054558052
8.066514469065329
10.585399358386455
7.589841063650597
9.508855779074965
8.127682146111157
7.98217966388651
9.485671110584503
7.88701639579849
12.308408054637596
9.822110525879873
6.609343721497005
19.93769912557737
7.286350904532023
9.570473649474282
7.235889852168704
8.629018315720872
6.314995674226098
7.5492791170062645
7.635658919769198
9.892720806129653
10.65055685588424
6.075953295844757
5.734127825107508
6.28258438521422
6.0226596913153925
6.666579335788952
7.0343491396461095
6.1794418661358534
6.155214438072016
6.567017856219854
5.94771402220737
8.335325054776776
7.261222809429466
6.3482793006804865
6.841152746047561
6.1515383959036045
5.875520584627325
7.539072813961442
6.59039459375846
6.854201917407185
9.404470499706422
7.091077392970248
5.627569844699862
5.76312182370151
6.1625846939994595
5.413365305878046
6.222527694547988
7.9693379231696495
5.650038845719347
6.846512903155393
7.625269420738797
6.706271836864077
7.667306394701382
6.713671705943247
7.795750511630571
7.027260903452653
5.544879418164443
6.157840944102439
7.12088330283969
6.2817494534260385
7.982190725596631
5.478493111713135
8.967189565501542
6.5081568753658425
5.509229252260866
5.626028900371004
5.838172125717025
5.933256375314651
6.3797668966391905
9.049445145908368
9.09209953547645
7.863325515438166
6.827311599540773
7.315076876078652
7.160188936538953
8.212484542892621
8.087061313519426
13.463148075249446
7.057014328014535
7.0367811757122976
6.50863693536067
8.42962274225353
9.008197480204036
7.933249886754318
5.717475675466467
8.827053617455755
7.1244057915857955
6.18664458784588
6.983579319119613
6.983202307838485
6.321597241184769
5.465696457837695
7.159916035043021
7.662101428070799
7.534802711300523
7.030587872681531
8.592236948154339
5.753606815319054
5.501467535702573
6.52317607533035
8.174238629855457
9.250087797720937
11.457481024590294
7.241555525827727
8.697750335468044
7.006480435255777
7.615426595200987
6.094716975870584
6.279468228852417
6.877645035910115
6.296378552674761
10.09152241398874
7.285492951639908
8.75360381394772
7.120570473149417
6.401888420566361
6.249794214646546
7.546235541638558
6.2876530602722704
8.526227637013491
5.2891109954035525
6.852473118027454
7.431458292285961
6.903295262367318
7.214486024107837
6.872916856240288
6.4787199453288205
9.130616704062733
6.278717220687663
8.221655345715575
9.659248154701066
8.11466718919793
8.141189572044583
7.784418374178268
6.593865458379158
7.620744954373083
8.030774768199759
15.776717106420561
7.166504090332669
7.405904801296482
8.34287332445415
6.329593381561098
7.3092242578887525
10.880405208580148
6.370485606918232
6.590085159621152
7.452890381590517
6.0644367132353185
6.651575262019599
7.0494656414312855
8.220744103151075
6.057132569979583
7.179234662937523
6.22881083751747
8.780727782584439
7.478119543963841
7.40412654716148
6.855491563130112
7.832986199339714
7.12930479020435
7.465996006451842
6.009583676671199
6.642845274666028
5.74417135496746
6.516859581053138
6.629031809692478
10.21842547943181
7.391910407553211
11.36594872187354
