Run0
54.80094438840809
6.6365634364823585
6.148030610758787
8.022272699239863
8.44999508083741
12.749517054072449
16.05783413075116
15.080311815968784
15.25765249173789
18.48330215089333
23.277483600947875
26.74667149607807
23.792574824980754
22.683959007322482
41.73157087852453
25.49972013502266
13.820135481322948
14.69458095663092
17.637410421226736
25.4132992545378
17.52328535216745
15.146483529374713
11.303215850875818
15.137194480451274
29.844979117884385
18.147848282540586
12.67041135558133
25.499840068792558
18.373301303209484
16.516172262924098
25.775542234255333
17.45023849294531
20.020610624085215
15.202124003387118
16.195262833402605
15.94462983536938
18.798943719194114
15.415515334236282
14.390191575868558
14.503093374426184
16.215495962714208
17.84203772523032
17.969709621148464
15.543195533602026
14.514891122017632
15.30869634566279
16.012681408893304
15.486661932684749
17.07147330862022
16.65380342630719
16.096679753533937
16.881908381984022
16.45628099391418
18.726330824340785
14.894669994871181
16.802823286855237
15.0759464443732
16.965231389616108
15.32998057808527
15.374688654762185
17.426919916462452
14.664834513836103
17.495711844752552
16.025241913169157
16.080589677475537
14.657147761576757
16.68226618977183
15.073162511725945
16.25748580885642
14.716836351789283
15.788699018695908
14.315134733912911
14.714059108987648
16.95897810530502
19.990094707718875
16.46345668815804
15.008158712195476
15.564852506362215
15.515257116360464
14.699480212623246
16.016325863705475
16.38643540199345
15.395604007306098
16.311948449666858
16.891925925265134
16.434264933843387
19.26491565279166
17.606786584859346
17.969130621081373
15.64005634006385
17.127296614059645
18.053349229005
17.806592749453074
13.893088465089866
16.6644513306463
16.542883694253007
18.51877554907243
19.690561585855768
16.340332562623257
14.430635832897641
20.530392267829093
17.43874172894976
18.43508751591473
20.798527215029146
17.40537529051022
22.725942676651812
17.244025613772962
18.241780402930964
16.798247346684892
22.910255631656714
21.213339674130005
14.39822699205243
14.873453830737846
14.943315069066808
14.840732881057916
16.820238481504017
16.117126797790544
15.033384672278963
17.948449784239617
20.28665940682992
16.034571686576697
14.834026449876566
16.286654009142687
15.22313535875442
12.795780853899336
11.239952992610503
14.413648425234319
18.734503664152015
18.208844635762482
15.49641874402666
14.777975958772988
12.047565836932312
14.667840754351005
17.1712400512144
16.07414062088041
17.4829817555687
17.263831302712134
20.219759613449703
14.956443595590477
15.835027299860386
17.48397546958083
15.740887199467775
18.451881924169292
14.637029630536066
15.803734404084452
16.97403149230422
15.441765319350466
14.971398492065713
14.261099663824965
19.38957322736609
15.294045130126745
17.04946296940034
16.399368783206608
16.06422283623846
16.951143967181096
20.70877697881997
20.206492448150584
22.24810884323867
17.276759128397604
15.352962812776648
16.191955614855463
15.859762947624045
15.644801899587398
17.225697203712304
19.662984953622583
17.18909555158353
16.748959531857132
18.141912289822237
15.338842428177285
17.088671315889755
17.114674723848445
19.09352891371626
11.637171599370124
15.768993964610159
19.385393704558968
16.821209222672273
15.326886907967552
15.442540010384723
12.334678091098262
15.714927617104985
16.363704803210737
16.689498568795226
17.721277698611722
21.541348897859024
17.175168847328937
20.01426897471731
16.99384037289356
23.597501868340746
17.853613041534725
19.94523809394148
19.845466732886283
41.38719011754717
19.586794089721277
19.042422333679195
16.21602621706606
17.33214627851654
