Run0
-114.16111178945106
-34.303438320375776
-39.12774124387557
-34.51828157434131
-33.728978862923825
-28.204615029294512
-33.215988036288685
-29.81534161858375
-25.012090061467305
-34.74686163787381
-31.962993203063245
-35.949374616176684
-35.04253881399397
-32.55979119190679
-39.839270354440174
-35.280637893774966
-28.009777538294504
-27.66553072702867
-25.72181091599043
-29.39212996129612
-30.23745293542618
-23.12471288095258
-26.198124290721463
-24.366746786395748
-28.13514667337135
-25.42509573774769
-31.445892445368916
-25.466951688993564
-26.348409336654584
-24.858333686514932
-25.877460354027658
-24.282474905440772
-26.008667425287083
-25.954956501071095
-32.10014338562495
-27.099105223202262
-24.005038517563833
-20.609869764278358
-17.946541526268145
-25.880909434060147
-21.298819099609492
-23.638652345876242
-24.30088834793319
-26.790347810852033
-21.228730522201147
-25.160677554172345
-24.624014361845028
-23.30016662417028
-21.666847081840615
-22.696043712953955
-21.7902682346992
-25.024811097282996
-20.757333857475956
-23.977336851525145
-20.33097671461895
-21.819537100221673
-21.388031832123428
-20.461177787500066
-19.201256092318285
-22.504025848165004
-20.458520054564147
-21.80792746325871
-21.75732823790459
-23.886765968856192
-21.347171600415585
-21.946896316824006
-23.76415904134652
-19.984053002673228
-20.497087441990423
-23.473578965998037
-20.093189902900935
-20.183818721335616
-24.66259378418828
-20.60717636490443
-25.23505862947957
-18.436637246988223
-23.06383452174932
-20.911677366780868
-19.426833576444313
-21.848307394133208
-21.20481713863315
-22.82341267075365
-22.030499027584654
-26.388614150611378
-23.792325973986582
-20.137717252080467
-22.435606252387068
-22.49736470006331
-22.27200939809123
-31.29335006534695
-19.42474772770623
-23.116688290078255
-22.895878643778712
-23.540734444097758
-18.306491403310154
-23.15644181010144
-22.313579546875612
-23.123965980411956
-24.691170048154017
-27.20798616145431
-23.601062082558975
-19.492321326036407
-28.410829165360337
-25.808952392802798
-21.186280657089927
-22.952613141253337
-22.305566767988637
-21.541046603263684
-24.650086552053427
-26.50994730220397
-27.536736043527313
-22.255496566325583
-20.087808298710964
-19.229108632622015
-19.913951120659693
-20.397156062114266
-22.06070329136943
-21.094468350157445
-18.870203288853343
-23.065901466335944
-22.087045305283073
-19.68544721252065
-21.57374632107641
-25.4604244549402
-26.327110428222905
-27.57285839935497
-22.98894307851806
-24.328340006804957
-19.727012929588973
-21.993281169025927
-20.781054750549895
-29.332969523643154
-24.922549116052014
-20.79315322391606
-26.71444678103615
-24.472181214889133
-22.039188061066746
-23.066267944385572
-22.294957740185517
-21.53799383663067
-23.50793075581081
-19.07523502445595
-20.599095072263374
-22.10814310986722
-19.976849383975903
-21.196693953765582
-19.446886415137648
-20.41628663318051
-18.755459504776127
-24.145078809574027
-21.25383122181456
-21.088464979903254
-19.450081741438094
-22.60534676477265
-31.93073439355889
-28.73540095999174
-23.43332457631247
-25.900817883291143
-20.636435907583987
-20.542114910093744
-20.13731190031389
-22.577720821024325
-20.231127729216347
-20.361514216162796
-30.101123664454935
-23.39794648178241
-21.96550735549719
-23.574996245617566
-21.24264506764573
-23.08506090776907
-24.115019594016516
-22.80710457095826
-35.042931996485805
-25.185330711989227
-27.390152054979737
-23.25378246514406
-23.334509347178784
-21.543268482409207
-33.911612436958855
-21.252735267184843
-21.40554774802941
-30.91243946846402
-22.517509314112793
-28.97204028191076
-23.282926991858876
-25.515335890326618
-24.646968367489723
-30.996132328429084
-23.57232268599329
-25.44280056148869
-26.278257658525106
-35.66536211207809
-25.453331253173854
-24.551838567307
-25.869863496417093
-28.186712353768787
