Run0
-176.77196525077775
-45.527771586960476
-48.896893709047475
-53.57513101926948
-42.775255406160845
-44.797541413148025
-51.139977931154135
-48.15088723540995
-49.823452069441785
-52.239447776043676
-63.43386267885012
-64.42692087472612
-98.24069154572759
-68.15812861645551
-77.9606821526713
-63.13857219236304
-58.70020134750727
-51.02231239197197
-55.05156773994197
-51.50534076449425
-54.927877181918554
-45.81464653969647
-38.31023792111024
-58.13776100402097
-61.28822931813355
-40.92236150782893
-48.157721934102504
-52.96620418813732
-40.52795266996978
-37.647305892105926
-43.49171500561422
-41.47541098507221
-38.98493577696611
-49.07519891255015
-35.98952409020594
-52.4927604047651
-39.83004932799443
-39.26401881416746
-41.48516464798497
-44.05625340227739
-45.23475883299544
-38.091750267066246
-38.40508556940871
-41.517544170515684
-40.44183018932704
-40.5141819973078
-42.25567880062393
-45.73746468919065
-33.379226623666426
-32.39259964665958
-36.51208536216335
-35.87295883379367
-33.31066476411952
-38.24804234962733
-34.95831651165184
-37.108131817129184
-32.07957303564921
-33.38593121525373
-37.231859944069136
-33.64822735581541
-33.24931555814393
-35.81287573827033
-33.27249239033461
-32.722654322713204
-34.70373525269399
-41.80853945774497
-33.852645128858214
-40.80512624869916
-35.99465931884397
-38.211186865944946
-33.8859933136269
-35.62122589852627
-43.63592956604714
-32.83662280318777
-36.11375467348299
-35.47227152244252
-37.78189886215439
-35.99491866395381
-36.785649602525886
-35.36201179770574
-34.30188271896445
-35.0863456537012
-35.18168670815762
-33.305316229278375
-33.54811464957245
-34.550537648531936
-35.797670931206916
-35.68801908866704
-33.0111763904861
-49.07317049639345
-36.10950846915682
-34.79938518941059
-36.12304324347897
-37.744419892942915
-35.44973133086766
-32.28444101307989
-31.420777917094732
-35.10767266657506
-35.500096578043404
-34.43028486681105
-33.57803080648628
-32.386068004340764
-34.353492578647
-33.117782575737685
-31.42124316541954
-32.558923526127565
-30.53846294039636
-31.997630583262993
-30.171802870680246
-30.767535577503452
-37.47025590245151
-38.71098028920713
-31.386865838666022
-30.61694700089346
-33.90386343162316
-31.851982116995025
-33.39040381168347
-31.344399569858016
-30.8720318777569
-31.440300732127266
-31.599829207699823
-31.729507254830743
-32.19246828658839
-34.14798624641854
-36.10770517219756
-39.00871280310605
-30.838298683057964
-31.135329517038816
-33.50347932539983
-35.26518271861989
-34.9499307727448
-37.215978411074666
-34.60765197981631
-34.56011112720765
-39.576625219480384
-34.800519248859864
-34.647695922911296
-33.556991938132
-36.66515023314964
-34.84684503062995
-39.50140585182512
-34.622138872234196
-34.535520552203565
-33.92442205726735
-35.64187026771796
-34.4641282589552
-33.381334606810086
-37.10639729258192
-34.45516061525482
-34.266747124475096
-34.83816619225495
-34.397522436677605
-35.048041730058934
-34.50695500354542
-41.68931009122605
-34.52919135538103
-39.587891456662334
-35.12076905154102
-33.52005095161336
-32.254145963651894
-34.210921989422154
-32.83591311367687
-34.838493055677894
-34.56235346722959
-37.15145960727547
-35.61732322602316
-34.48696259599224
-40.03328486600781
-35.104170211918884
-31.54301424431575
-39.42048591122628
-34.98076203031058
-46.6965192031123
-35.43032311261936
-33.827429677851796
-42.87178907880952
-34.629173749517165
-33.6307398577516
-34.80702586149082
-35.10953964559004
-34.84776522275809
-40.495703968125426
-34.06107537109377
-36.674424805493
-35.95343338245729
-45.08673212779065
-33.39275272555142
-38.87909916423236
-34.1946807030528
-34.228386857040796
-33.22653035698523
-44.5167524637529
-32.09862980974081
-37.27827572665069
-35.56980448551695
-37.86985210732834
