Run0
0.0
0.0
0.0
0.0
0.24944382578492943
0.0
0.0
0.0
0.0
0.0
0.0
0.0
0.0
0.0
0.0
0.0
0.1795054935711501
0.24944382578492943
0.0
0.0
0.1795054935711501
0.0
0.0
0.0
0.0
0.1795054935711501
0.0
0.1795054935711501
0.1795054935711501
0.0
0.1795054935711501
0.1795054935711501
0.0
0.0
0.24944382578492943
0.0
0.1795054935711501
0.0
0.0
0.0
0.1795054935711501
0.24944382578492943
0.24944382578492943
0.0
0.1795054935711501
0.1795054935711501
0.0
0.0
0.3
0.37267799624996495
0.30000000000000004
0.33993463423951903
0.3
0.24944382578492943
0.17950549357115014
0.1795054935711501
0.37267799624996495
0.33993463423951903
0.0
0.30000000000000004
0.3
0.0
0.24944382578492943
0.33993463423951903
0.37267799624996495
0.0
0.24944382578492943
0.17950549357115012
0.17950549357115014
0.30000000000000004
0.24944382578492943
0.17950549357115014
0.0
0.24944382578492943
0.0
0.0
0.0
0.0
0.0
0.17950549357115014
0.24944382578492943
0.1795054935711501
0.1795054935711501
0.24944382578492943
0.30000000000000004
0.0
0.0
0.0
0.3
0.0
0.1795054935711501
0.1795054935711501
0.0
0.1795054935711501
0.24944382578492943
0.33993463423951903
0.3726779962499649
0.1795054935711501
0.17950549357115014
0.24944382578492943
0.24944382578492943
0.33993463423951903
0.24944382578492943
0.30000000000000004
0.4
0.33993463423951903
0.4229525846816506
0.33993463423951903
0.44221663871405326
0.4
0.0
0.0
0.37267799624996495
0.4229525846816506
0.30000000000000004
0.37267799624996495
0.37267799624996495
0.4
0.4
0.4
0.33993463423951903
0.37267799624996495
0.33993463423951903
0.33993463423951903
0.24944382578492943
0.1795054935711501
0.4
0.4
0.30000000000000004
0.0
0.0
0.0
0.17950549357115014
0.1795054935711501
0.17950549357115014
0.1795054935711501
0.0
0.33993463423951903
0.24944382578492943
0.1795054935711501
0.24944382578492943
0.0
0.1795054935711501
0.1795054935711501
0.0
0.1795054935711501
0.24944382578492943
0.0
0.0
0.17950549357115014
0.0
0.0
0.0
0.1795054935711501
0.1795054935711501
0.33993463423951903
0.0
0.0
0.24944382578492943
0.33993463423951903
0.1795054935711501
0.3
0.30000000000000004
0.0
0.0
0.30000000000000004
0.0
0.24944382578492943
0.0
0.33993463423951903
0.1795054935711501
0.0
0.0
0.0
0.0
0.0
0.0
0.24944382578492943
0.0
0.0
0.1795054935711501
0.0
0.24944382578492943
0.24944382578492943
0.0
0.0
0.33993463423951903
0.0
0.0
0.0
0.24944382578492943
0.0
0.30000000000000004
0.30000000000000004
0.17950549357115014
0.24944382578492943
