Run0
51.76627409240454
9.677532406697045
10.91647868613239
19.843195657689787
9.822333164085617
6.718500996357935
12.398645344229752
6.937662884760487
8.153029285759922
14.501443632079935
22.469814859784396
22.582487091746795
63.84801931264821
39.383402651171565
57.551409939898534
32.749872749100156
43.01531369709212
26.570540022816356
14.642199563898403
22.143245249256154
31.38908489363491
13.0281902031509
6.891675200249606
34.76080268733887
41.725781406689684
16.815618588769873
17.524227266091913
19.101609935794738
14.802654617613396
7.936613912324527
10.437916510249007
12.021915157174233
6.182253456854457
16.53052427056285
12.707334998810293
18.43022825543789
11.15173605374809
8.639232115572524
10.335682474084605
11.0521261653136
17.400799665456017
9.745966665811405
11.77684677806154
3.2841197199482814
7.619350657885282
7.749304589635493
8.409611177335547
13.948885064636553
10.375807865912225
13.170080550396527
12.545803087562971
13.723214893019891
11.149678854314873
12.131423677758324
9.227469775456509
8.497181585879224
12.931961810538503
11.581898725922983
6.95629528854936
10.83261165743726
10.568682872449765
5.90463547343595
9.293115028178132
11.72903929949
14.752696174139942
7.497991885029909
10.021619506709596
12.221824541595481
8.47542739536283
13.599060397718839
9.274240215459807
8.904504191176512
9.23310390123449
9.23944177376763
5.816006946149153
5.442317843612133
7.452831834640938
5.670414036384766
6.61152375925415
8.979472882633733
9.558306530323373
7.913419720119391
8.309735869029149
9.126526978745996
10.630319947591824
5.853036260914984
6.163627076844578
7.190643886740561
10.236696126555701
12.790585177030927
8.182194525180366
8.326753308666634
6.283988500541297
8.542880030825357
11.646430071032897
11.667930312690828
12.60679803285701
9.569666481279913
8.956992503578137
10.096653379782898
10.040722463320613
12.047953833413962
9.98659167213257
11.321988125974864
14.391623548580679
11.880135334755382
14.415507468582025
11.855790136250205
15.334844078409208
13.45112703257754
8.37562587153835
5.780637342952661
12.767864320770453
14.301977605548316
11.386355166316491
12.875470611327005
13.21859155741273
13.780691641459828
13.528178789240823
13.796867178438617
11.834585592566494
12.850891489014098
11.69473795383461
11.772845732774632
10.358676222993296
9.137009389080282
13.904140657191952
14.182507824776101
11.407697676186155
7.693256083454114
7.549386094469261
7.575835055592673
9.584898026465691
9.175615368927643
10.720585182698219
9.446743365887903
7.572142423689583
13.080443138562869
11.048615742585966
10.067966614463637
15.123671956284937
7.389188346501509
9.190015173052883
8.910141367299158
8.803801688028805
9.277707729682103
10.379148083773678
9.111898443812866
7.500274560052208
8.983661846823816
7.485730589107022
7.836201795690861
7.708756862510173
9.726276968732993
10.950329754563354
12.979161018767343
10.26994536864278
7.501408287990883
10.082316860505323
12.218133832235658
8.907112537891154
10.985465716762945
12.378933656321562
7.318913137412028
10.621360674967653
11.829543253556707
7.317052371963517
18.06101590027942
6.6885956603084455
11.894257516932786
11.340851860647806
7.507400753680043
13.773065624026387
8.178712987778308
6.809047998701571
13.81527358865404
7.283037001031139
10.500435882179008
6.592012827761213
8.566637714790854
8.183866759320278
6.221946582415104
10.54390519489468
10.626944771902435
8.700221083426374
13.346250135442803
12.791394617022966
7.62521335236273
6.210921161306522
7.901802889931817
9.514731385777306
14.730618149734415
10.831440862917551
14.25727421383107
10.175069015974453
11.497617596460572
