Run2
27.7664935197645
11.99785556476302
8.304447528614887
6.977491037264607
13.933534429608057
8.377440046809472
8.237535039307593
6.787907650195956
6.405830325605133
5.734617659060693
6.00016622520205
7.199095446064032
7.175991887556075
6.74232119093629
7.253045273969981
35.964396709913764
7.331015741404865
7.686322647774617
137.29334730302213
12.80002022741542
7.1003902084638515
11.12098222086742
13.20052048126162
96.08346047237669
10.846246479736825
12.08164951895677
11.167919821457383
9.766030111920978
10.012407357109668
10.012407357109668
