Run2
-150.315183434063
-47.39934250842249
-44.413527564693716
-42.59940961973773
-40.74113216433594
-42.05603653816463
-39.75830141349421
-37.81842896056651
-36.873610853050906
-39.14824689945215
-38.4947010219
-34.252260477600416
-37.443409341641214
-37.961364831221175
-38.66080565446724
-40.040728601190075
-38.07759032937195
-39.49503709082035
-92.79211818702578
-47.29134195106553
-42.105985426355126
-49.06854488765057
-51.26959375433258
-100.4789912332948
-50.83512527253019
-50.841169693612194
-51.142915489780094
-52.93043547331375
-56.77092186965492
-56.77092186965492
