Run2
31.668480881796516
12.397507003763122
14.173590642218056
9.020514226643343
14.72942775274298
10.10686110531625
12.10979490809184
11.160702212817792
13.647553548328842
14.555452515117816
15.13090249703634
13.139504953059168
7.428967857580887
12.370607790840117
13.096206277878089
15.488148421345795
7.868516535600806
8.01634019784129
127.03363200528595
14.68058653102914
14.481255027280334
98.33896256776728
12.820342695813363
15.82409470361734
11.251065233500526
11.753133471667306
10.30141817710669
10.8299049742978
10.756016445197519
10.756016445197519
