Run3
13.312735669147088
57.614696711297626
107.27690676356147
24.743387014113193
105.81236524520475
57.365678041421184
107.82667320650981
91.52125049970685
54.926289760890164
102.88326980390362
23.342400623174882
109.56141858391567
103.79092640426998
10.873311718422475
39.67351192934343
105.74651946752013
63.78778584075514
60.80808813602516
49.270943567857564
9.218789726255705
9.709511139343485
13.468693657542788
10.788732437189905
11.030634716852862
8.833011410900324
8.043194549220699
8.479228860736722
10.377161595744326
10.650246991660184
8.883481044153898
9.065384765915688
86.59018038730791
10.654458023534294
10.073255606241485
10.061823815507177
24.967144160615277
15.94614336880346
10.568391507485877
9.104489992032903
9.349229235279466
9.653292276794147
10.139501014967289
31.066090746873083
9.09540532141345
97.79636094293302
10.314374236760388
37.14500271716039
10.915274013192521
59.53936705114335
58.54271913659941
9.732581342619323
10.140823367587965
10.140823367587965
10.140823367587965
10.140823367587965
10.140823367587965
10.140823367587965
