Run3
-81.04268821255154
-93.82142796827534
-98.34483927467355
-58.27340823844023
-115.05518585130335
-75.63121853837258
-92.09971450330482
-92.5378228492052
-80.34265681811489
-93.70135922094993
-66.9811591400374
-95.84443599615045
-99.02389035189506
-52.24361481695544
-66.1382699752673
-89.32921344303539
-85.25651499265241
-76.63949621566002
-66.18825033770419
-53.255019132409664
-54.078510973646374
-57.62277592101082
-48.99640527760045
-50.20681771042633
-50.11879008752578
-51.71360743739276
-50.81171658464486
-52.15568683730823
-52.41998410878636
-51.50817828543901
-51.3606464113851
-91.97464906271406
-49.916440126215285
-49.789068193998766
-47.851005847281144
-57.76512666519997
-53.29404727393202
-47.90679159656975
-48.74229811298051
-48.05725959543405
-47.407363424239854
-49.79254466868396
-57.22709935374039
-47.36959387429957
-114.24887647930665
-48.772115572143555
-61.691857597684724
-48.81005127295556
-66.56912984487327
-66.53364444394546
-48.5040211938476
-57.14667894970696
-57.14667894970696
-57.14667894970696
-57.14667894970696
-57.14667894970696
-57.14667894970696
