Run3
-81.70330733239078
-89.68997751480623
-67.8200447369799
-117.9108553516755
-204.9508057416213
-90.53512979782104
-56.56678300501548
-136.6667537677691
-94.99373296683967
-72.54799789636202
-65.20997808973797
-138.25156241711454
-128.9862620281794
-54.297625850960415
-76.31122861865488
-199.57336942669778
-72.02723518855305
-118.01300097110935
-98.64850889004825
-53.88403591457093
-65.1298307909005
-63.76567315157666
-51.02082763835323
-52.93187049292692
-53.11507085810173
-53.680022915627546
-53.99051090786044
-53.70818941519117
-53.183789095146736
-52.0384122453573
-54.251585795939796
-80.52097802416797
-51.3272611419758
-50.50893013694598
-49.11938954628014
-53.2154346790099
-55.69146416326213
-49.3013497251992
-48.920799076348125
-48.970813024339414
-48.89873051885583
-81.59735120761364
-48.493332618107
-48.11586870995963
-48.85973878214168
-55.76852245474999
-49.3030733851568
-47.01094669657456
-67.1952233851319
-66.80322776269524
-47.670491209399536
-52.68767986493029
-52.68767986493029
-52.68767986493029
-52.68767986493029
-52.68767986493029
-52.68767986493029
