Run3
15.315153652097178
81.00509592360173
14.669250145553407
82.64887350103263
131.70744269015572
64.21649351375963
9.888035498103882
142.78847572747114
79.04083967806041
23.890427167176405
28.50054125272799
143.23910936897258
109.62673368234607
12.16235020932337
36.82232015753868
155.2730800315208
27.053272408961
132.03778666255184
97.58172889251368
10.871186352544187
34.876261824952465
17.780449022533457
12.349823008133475
12.75718443440875
12.953572022740342
9.00221649083317
7.399193742777643
11.176467736001804
12.964409686533902
10.253205732669143
12.573551946450985
67.53644448955963
9.855157994309796
10.480765222006863
10.72322639092349
13.434388535739686
15.459492973326197
10.386670024926199
10.55126527261691
9.440855947638793
10.64107258678854
68.31549473518984
11.34119347421018
8.934624733559257
11.768384644924353
30.884741858898753
9.745022545474583
9.429063563071326
58.66565206847769
56.69748985185576
10.304528781315618
11.441092432153832
11.441092432153832
11.441092432153832
11.441092432153832
11.441092432153832
11.441092432153832
