Run3
-61.067020446960285
-42.766021540509605
-39.38976635204255
-39.559985264269656
-41.231531162163165
-39.803932912935046
-39.72483663060714
-39.132031227151145
-39.25826824321751
-39.81083156984876
-39.6128246107585
-39.29218158407032
-39.367645340542104
-39.601448765501154
-39.258679570958165
-39.6073844088913
-39.04922884209218
-39.059531903466016
-40.79295310639601
-40.43065027923422
-38.32125897144828
-37.3501194164477
-36.94924121275467
-36.43083183304588
-36.67883155626371
-36.602512204271775
-36.665129458819926
-37.65336813867273
-37.27754536705374
-37.10330381252966
-36.668862138286634
-36.27449948859857
-36.96758606955684
-35.94538793572451
-36.771062275859556
-36.17907602779491
-36.00961615336791
-36.03326454274647
-36.03321395833739
-36.36519313723548
-35.656427471215096
-36.11254857387624
-36.14976850560367
-36.045093731442776
-35.68638138311082
-36.200162562934764
-36.73259949890162
-36.09749499468261
-36.429215187959116
-36.47802371540673
-35.57206868869144
-43.649050338896394
-43.649050338896394
-43.649050338896394
-43.649050338896394
-43.649050338896394
-43.649050338896394
