Run3
5.524172663320473
7.669533642080302
2.9572636451060443
3.0459378922589697
5.567237681394085
2.881722187504381
2.7725858990054353
2.8405804564315327
2.729167937966503
3.4178940338721104
3.6182197256177258
2.7467141901915473
2.585713642133832
3.140988295501927
2.73730139834218
2.9900733314312498
2.6237825755208095
2.921046828533195
3.90582313564694
3.414985282625498
4.808022981730109
4.341558582320003
5.118080594181086
5.195786036714166
5.208896473269687
5.214335700605152
5.038164193403604
4.419994906051967
4.8497957463800105
4.883195462279791
4.853508526203239
5.241870816202718
4.776140372694184
5.472305931238689
4.8518656564661296
5.780699470715335
5.583570749047227
5.623321431352688
6.17247733337421
5.751659179351787
5.896302696076859
5.861260588174467
5.631331171517889
6.128682160479907
5.778308335393937
5.5331300751225365
5.993007675003178
5.342138059783897
5.778047539979285
4.747172289673588
6.002336796260259
5.111821837605813
5.111821837605813
5.111821837605813
5.111821837605813
5.111821837605813
5.111821837605813
