Run3
-75.98188864617184
-115.42897113368136
-75.38732792298615
-78.04930638635801
-155.73707416308463
-101.55253133260035
-52.16141885733058
-82.9798502305001
-74.93220238642787
-71.41693572480916
-104.09393602413815
-83.37704106020216
-61.51279875070198
-48.556911509485225
-116.08769235923408
-113.16229214937117
-125.93356536906504
-50.89943577374394
-51.016497653165494
-48.142492025490164
-60.21571133973023
-61.32951933274698
-46.36069741201736
-46.41622066905102
-45.448030114498934
-78.49930988372746
-52.90618148483243
-49.49347330908795
-47.101392806425906
-46.39325409862916
-47.07425299659869
-99.0496974183537
-50.44057067934766
-45.346609635618414
-45.87563392364253
-47.66951356099376
-47.14156748786381
-47.441258204376275
-45.52269568953588
-45.76682319037657
-45.93139537412466
-69.29597462841005
-46.70865146652202
-45.10324162404796
-44.8466778774438
-45.13703145285556
-47.47540817612787
-42.86384691595628
-51.639135636787564
-47.9788918487034
-45.67070436509583
-48.81382259514457
-48.81382259514457
-48.81382259514457
-48.81382259514457
-48.81382259514457
-48.81382259514457
