Run3
14.930323765126934
118.67843152414912
74.46068292871055
54.995531665826086
108.49429646411721
66.48018974924999
7.431226755815571
67.49566917946838
37.66494316134369
33.81740796468478
80.09199368112874
64.76523085545792
26.520464004945552
9.490493812664445
105.80481728187138
123.25765875644198
120.61632790821895
8.252364054515352
8.341316616068603
10.155581709571592
29.99885894797206
18.69248464596388
12.025146500343547
13.19725978152423
13.111594004765132
49.45080929700869
13.478529290174318
13.969150495471016
10.01135618884019
10.255579850570761
11.61116159316121
88.47219060484217
19.979424904968116
11.514954804625734
10.257237763620173
9.278415874299442
9.273211457888115
10.150616446780916
10.219691013863947
9.37772467152466
9.16501444554232
64.16658436331095
10.321260629722271
10.142529241382928
10.837435510369389
9.767648630860105
10.529047172466445
10.23912630311887
11.862398585108243
9.965484905451572
10.867079488569248
11.59249347859842
11.59249347859842
11.59249347859842
11.59249347859842
11.59249347859842
11.59249347859842
