Run2
30.2883339554061
13.870621473038113
11.923147253231525
8.99525605095005
10.037723408801044
9.099320476162672
9.88437515585941
8.014673071107008
7.518806301765622
7.89473999635708
8.060285539825074
13.542841020036695
7.007390578450155
8.30089073194499
7.808654891205079
11.177731015752938
8.410487807515242
8.7373981057194
102.46721973769579
13.86032955984222
10.006943109070656
12.594669683864081
12.594562965678065
116.1570105894357
12.413577465317996
13.219009928950925
13.117821497897385
10.997208830120696
10.481070086547689
10.481070086547689
