Run2
-150.05924324374746
-47.71648549498887
-42.71132990965098
-42.44759067539915
-36.576596107064816
-44.61239267020046
-40.86879271048847
-39.676063827204324
-40.23866250530879
-40.74800390064233
-39.31541629160527
-40.31150171719284
-40.351795305352
-40.210272319530326
-40.8442700292009
-51.27200317237842
-40.93201454807762
-41.994091794958585
-151.0765703397712
-49.16087623253563
-42.24168038822982
-50.866627674357694
-57.368700381590315
-87.08724193349227
-53.176338272108886
-54.351834689478785
-55.04212433359088
-54.3957135056445
-58.421109517665364
-58.421109517665364
