Run2
9.581724417437275
11.07933602614459
7.562337752864042
5.157347301360704
4.7489492834561675
5.351866960223727
6.557426937850374
5.7643807695086595
5.279193281980471
3.998676831308765
7.216051740548992
4.836471022528837
4.691571294883473
4.308221744620053
5.361900203839379
6.85804735473601
5.734432950575109
6.8474167960842545
54.718588701163235
5.703045638537507
7.174156330813477
4.722319979515913
5.684661368769268
5.324303214923797
5.521413794271598
5.3394960244915906
5.16629881249396
5.12686770027697
4.585688095679149
4.585688095679149
