Run2
-109.9569208774498
-53.8056710604259
-49.449310225332745
-46.96475510766506
-47.09170028804935
-47.49163641678246
-43.79023583393005
-46.39709482793444
-46.59860616096429
-48.202159822721946
-46.448678488260484
-48.39129006642351
-47.92471540408769
-47.625898518278696
-46.467608494000686
-46.85937239679642
-46.22371500319765
-45.50651755611083
-82.0740645247581
-46.97133945693036
-45.345693976794195
-46.20800447433387
-44.568369491562756
-46.27790847998565
-43.26958302923549
-42.769968420218824
-43.362980845369286
-43.83463551975827
-43.14562103932126
-43.14562103932126
