Run2
-142.76952514393017
-43.27388779771926
-40.36792456075669
-38.93232665124908
-28.1490232307312
-37.64567893967073
-31.85325639575558
-28.36426389711079
-29.10499871172329
-26.32709774007394
-27.10220730956032
-24.565947241087244
-13.645640476743743
-18.091340013422773
-22.395748550579388
-17.229207745688083
-13.775888859105605
-15.800036300412755
-148.23547017336807
-42.18140849717987
-30.934279779192316
-73.456186011261
-44.86275718338165
-48.49178009656013
-49.48448700006889
-48.824783617184735
-50.372021227922986
-49.4728861822789
-48.597083662224286
-48.597083662224286
